ID   type	latitude	longitude       D	P serviceTime earliestStartTimeToService latestStartTimeToService

48	d	39750124	30485116	0	0	0	0	5000
117	c	39749351	30491168	20	0	120	653	739
121	c	39749195	30474898	8	0	100	762	841
122	c	39749195	30476336	9	0	100	785	867
16	c	39749308	30491449	13	0	120	1155	1226
17	c	39749178	30489155	9	0	180	586	634
18	c	39748798	30488982	11	0	120	999	1079
20	c	39749416	30489487	19	0	180	713	761
21	c	39749471	30489002	20	0	180	445	506
22E	c	39749475	30489244	16	0	180	689	768
22B	c	39749472	30489346	9	0	180	286	367
43A	c	39751072	30479930	0	10	180	708	780
23	c	39750602	30490429	0	18	120	100	151
54	c	39750416	30478088	0	8	120	412	487
72	c	39747793	30474899	0	20	180	1158	1205
60A/1	c	39749362	30474844	0	18	180	1313	1374
76	c	39747376	30473919	0	5	120	65	112
38	c	39752887	30483711	0	18	120	276	320
80	c	39747092	30474594	0	18	120	468	548
31	c	39752950	30483109	0	7	120	1372	1448
73	c	39747617	30474902	0	19	180	1451	1501
cs1	cs	39744075	30469333	0	0	0	0	5000
cs2	cs	39748305	30477105	0	0	0	0	5000
cs3	cs	39746605	30474623	0	0	0	0	5000
cs4	cs	39753933	30484572	0	0	0	0	5000
cs5	cs	39751670	30480422	0	0	0	0	5000
cs6	cs	39751182	30487697	0	0	0	0	5000
cs7	cs	39752908	30489350	0	0	0	0	5000
cs8	cs	39750889	30492715	0	0	0	0	5000
cs9	cs	39750132	30474637	0	0	0	0	5000
cs10	cs	39749569	30482477	0	0	0	0	5000

V Average velocity of the EV /12.5 m/s (45 km/h)/
C Vehicle load capacity /350 kg/
Q Vehicle battery capacity /1 kWH (3000 kWsn)/
h(r) Energy consumption rate /1.0/
g Battery recharging rate /0.18/
     
