        1       2       3       4       5       6       7       8       9       10      11      12      13      14      15      16      17      18      19      20      21      22      23      24      25      26      27      28      29      30      31      32      33      34      35      36      37      38      39      40      41      42      43      44      45      46      47      48      49      50      51      52      53      54      55      56      57      58      59      60      61      62      63      64      65      66      67      68      69      70      71      72
1       0.0     1007.45 1259.68 1047.27 1023.17 1166.93 1188.82 1194.58 1033.55 1173.3  1043.18 1053.23 956.31  810.13  814.53  787.75  767.99  649.86  620.81  886.79  589.24  233.65  616.05  780.65  1099.76 881.91  944.86  1071.37 1061.54 557.56  654.94  711.94  519.31  480.78  1034.12 725.91  979.57  617.63  1213.97 1070.16 671.16  491.62  514.7   476.31  530.1   503.91  492.85  515.19  493.63  1146.27 1191.92 1191.92 1175.05 1175.05 1087.22 1081.01 1081.01 1041.79 957.38  704.16  524.51  1788.16 1050.62 1068.06 671.43  451.07  390.09  712.84  879.11  1210.94 436.66  0.0
2       1093.78 0.0     367.75  155.28  131.24  275.0   296.89  302.65  141.62  281.37  151.25  161.3   69.09   1710.27 1714.67 1687.89 1105.84 1550    1520.95 1786.95 1489.38 1133.79 953.9   1118.5  498.34  1769.98 1832.93 1959.47 1949.61 1445.63 1543.01 1600.01 1419.45 1256.19 1934.26 1073.05 905.98  1517.77 328.23  334.93  1571.3  1391.8  1414.92 1376.45 1430.24 1404.05 1392.99 1415.33 501.18  374.78  345.06  345.06  396.41  396.41  352.01  345.78  345.78  1929.86 1845.45 1592.23 1424.65 896.23  279.13  176.13  1446.84 907.8   1290.23 1600.91 1779.25 609.52  807.23  1093.78
3       1598.31 504.5   0.0     528.72  489.74  398.18  420.07  425.83  437.2   404.55  446.83  456.88  573.62  2214.8  2219.2  2192.42 1557.56 2054.53 2025.48 2291.48 1993.91 1638.32 1405.62 1570.22 955.57  2274.51 2337.46 2464.01 2454.14 1950.16 2047.52 2104.47 1923.98 1760.72 2438.79 1534.31 1246.48 2022.3  701.69  839.46  2075.79 1896.33 1919.36 1880.98 1934.7  1908.58 1897.52 1919.86 1005.71 879.31  718.52  718.52  1030.94 1030.94 856.47  850.31  850.31  2434.39 2349.98 2096.76 1929.18 528.48  783.66  540.06  1951.37 1412.34 1794.76 2105.44 2283.78 1066.83 1311.76 1598.31
4       1284.86 191.08  417.4   0.0     180.89  324.65  346.54  352.3   191.27  331.02  200.9   210.95  260.17  1901.35 1905.75 1878.97 1086.05 1723.34 1694.29 1978.03 1662.72 1324.87 934.11  1098.71 343.0   1928.79 1991.74 2118.32 2108.42 1604.37 1701.82 1758.82 1532.0  1376.63 2125.34 1062.87 879.06  1708.85 172.89  505.27  1762.38 1582.88 1606.0  1567.53 1621.32 1595.13 1584.07 1606.41 692.26  565.86  189.72  189.72  241.07  241.07  522.35  516.12  516.12  2088.67 2004.26 1750.97 1537.2  945.88  470.21  232.19  1567.28 1028.69 1481.31 1759.72 1970.33 454.18  998.31  1284.86
5       1171.49 77.71   236.51  101.98  0.0     143.76  165.65  171.41  10.38   150.13  20.01   30.05   146.8   1787.98 1792.38 1765.6  1183.55 1627.67 1598.66 1864.66 1567.09 1211.5  1031.61 1196.21 444.98  1847.69 1910.64 2037.18 2027.24 1523.34 1620.72 1677.72 1497.16 1333.9  2011.97 1150.76 983.69  1595.48 274.87  412.64  1649.01 1469.51 1492.63 1454.16 1507.95 1481.76 1470.7  1493.04 578.89  452.49  291.7   291.7   343.05  343.05  429.72  423.44  423.44  2007.57 1923.16 1669.94 1502.36 764.99  356.84  113.24  1524.55 985.52  1367.94 1678.62 1856.96 556.12  884.94  1171.49
6       1297.23 203.45  180.8   227.72  188.66  0.0     64.43   70.19   136.12  6.37    145.65  155.8   272.54  1913.72 1918.12 1891.34 1309.29 1753.45 1724.4  1990.38 1692.83 1337.24 1157.35 1321.95 570.72  1973.43 2036.38 2162.96 2153.06 1649.08 1746.46 1803.46 1622.9  1459.64 2137.71 1276.5  1109.38 1721.2  400.61  538.38  1774.75 1595.25 1618.3  1579.9  1633.69 1607.5  1596.44 1618.78 704.63  578.23  417.44  417.44  468.79  468.79  555.44  549.23  549.23  2133.31 2048.9  1795.68 1628.1  709.34  482.58  238.98  1650.29 1111.26 1493.68 1804.36 1982.7  681.9   1010.68 1297.23
7       1322.25 228.47  205.88  252.74  213.68  24.96   0.0     5.76    161.14  31.39   170.77  180.82  297.56  1938.74 1943.14 1916.36 1334.31 1778.47 1749.42 2015.42 1717.85 1362.26 1182.37 1346.97 595.74  1998.45 2061.4  2187.98 2178.08 1674.1  1771.48 1828.48 1647.92 1484.66 2162.73 1301.44 1134.45 1746.24 425.63  563.4   1799.77 1620.27 1643.39 1604.92 1658.67 1632.52 1621.38 1643.8  729.65  603.16  442.46  442.46  493.81  493.81  580.48  574.25  574.25  2158.33 2073.92 1820.7  1653.12 734.36  507.6   263.92  1675.31 1136.28 1518.7  1829.38 2007.72 706.92  1035.7  1322.25
8       1316.49 222.62  200.12  246.98  207.92  19.26   27.12   0.0     155.38  25.63   165.01  175.06  291.8   1932.98 1937.38 1910.6  1328.55 1772.71 1743.66 2009.66 1712.09 1356.5  1176.61 1341.21 589.98  1992.69 2055.64 2182.22 2172.32 1668.34 1765.72 1822.72 1642.16 1478.9  2156.97 1295.76 1128.69 1740.39 419.87  557.64  1793.91 1614.51 1637.63 1599.16 1652.86 1626.71 1615.7  1637.97 723.89  597.49  436.7   436.7   488.01  488.01  574.72  568.49  568.49  2152.57 2068.16 1814.94 1647.36 728.6   501.84  258.24  1669.55 1130.52 1512.94 1823.62 2001.96 701.16  1029.94 1316.49
9       1161.11 67.33   289.05  91.6    52.45   196.26  218.19  223.95  0.0     202.67  9.63    19.68   136.42  1777.6  1782.0  1755.22 1173.17 1617.33 1588.28 1854.28 1556.71 1201.12 1021.23 1185.74 434.6   1837.31 1900.26 2026.84 2016.94 1512.96 1610.34 1667.27 1486.78 1323.52 2001.59 1140.38 973.31  1585.0  264.39  402.26  1638.63 1459.09 1482.25 1443.78 1497.57 1471.38 1460.32 1482.65 568.51  442.11  281.32  281.32  332.67  332.67  419.34  413.11  413.11  1997.19 1912.78 1659.56 1491.98 817.53  346.41  102.86  1514.17 975.14  1357.56 1668.24 1846.58 545.78  874.56  1161.11
10      1290.86 197.08  174.49  221.35  182.28  36.17   58.06   63.82   129.75  0.0     139.38  149.34  266.17  1907.35 1911.75 1884.97 1302.92 1747.08 1718.03 1984.03 1686.36 1330.87 1150.98 1315.58 564.35  1967.06 2030.01 2156.59 2146.69 1642.71 1740.09 1797.0  1616.53 1453.27 2131.34 1270.13 1103.06 1714.85 394.24  532.01  1768.3  1588.88 1611.91 1573.53 1627.32 1601.13 1590.07 1612.34 698.2   571.86  411.07  411.07  462.33  462.33  549.09  542.86  542.86  2126.94 2042.53 1789.21 1621.73 702.89  476.13  232.61  1643.92 1104.89 1487.31 1797.99 1976.33 675.5   1004.31 1290.86
11      1151.57 57.79   279.51  82.06   43.0    186.76  208.65  214.41  53.38   193.13  0.0     10.14   126.88  1768.06 1772.46 1745.68 1163.63 1607.79 1578.74 1844.74 1547.17 1191.58 1011.69 1176.29 425.06  1827.77 1890.72 2017.3  2007.4  1503.42 1600.8  1657.8  1477.21 1313.98 1992.05 1130.84 963.77  1575.47 254.95  392.72  1629.09 1449.59 1472.63 1434.24 1488.03 1461.81 1450.78 1473.06 558.97  432.57  271.78  271.78  323.08  323.08  409.8   403.5   403.5   1987.65 1903.24 1650.02 1482.44 807.99  336.92  93.24   1504.58 965.6   1348.02 1658.7  1837.04 536.24  865.02  1151.57
12      1141.36 47.65   269.37  71.92   32.86   176.62  198.51  204.27  43.24   182.99  52.87   0.0     116.74  1757.92 1762.32 1735.52 1153.49 1597.65 1568.6  1834.6  1537.03 1181.44 1001.46 1166.15 414.92  1817.63 1880.58 2007.12 1997.26 1493.28 1590.66 1647.66 1467.1  1303.84 1981.91 1120.7  953.58  1565.42 244.81  382.58  1618.95 1439.45 1462.53 1424.1  1477.89 1451.7  1440.64 1462.98 548.83  422.43  261.64  261.64  312.99  312.99  399.66  393.39  393.39  1977.51 1893.1  1639.88 1472.3  797.85  326.78  83.18   1494.49 955.46  1337.88 1648.56 1826.9  526.1   854.88  1141.36
13      1024.69 139.51  391.74  179.32  155.23  298.99  320.88  326.59  165.61  305.36  175.24  185.29  0.0     1641.18 1645.58 1618.8  1036.75 1480.9  1451.86 1717.86 1420.26 1064.7  884.81  1049.41 692.81  1700.89 1763.78 1890.42 1880.52 1376.54 1473.92 1530.92 1350.36 1187.1  1865.17 1003.96 836.89  1448.61 352.22  265.84  1502.21 1322.71 1345.83 1307.36 1361.15 1334.96 1323.9  1346.24 432.09  305.69  369.05  369.05  420.39  420.39  282.92  276.69  276.69  1860.77 1776.36 1523.14 1355.56 920.22  210.04  200.12  1377.75 838.72  1221.14 1531.77 1710.16 803.99  738.14  1024.69
14      701.91  1709.34 1961.66 1749.25 1725.15 1868.81 1890.8  1896.56 1735.53 1875.28 1745.16 1755.21 1658.29 0.0     128.24  101.46  1469.97 767.99  738.94  300.73  707.37  668.97  1318.03 1482.63 1801.74 688.86  751.81  468.5   610.83  792.0   889.35  946.38  1032.38 1182.76 375.33  1427.89 1681.55 473.7   1915.95 1772.14 179.03  362.61  521.04  300.48  443.16  416.97  405.91  428.25  1195.61 1848.25 1893.9  1893.9  1877.03 1877.03 1789.22 1782.99 1782.99 475.31  505.93  938.6   1037.58 2490.14 1752.6  1770.02 1261.03 1153.05 825.41  947.28  252.51  1912.92 1138.64 701.91
15      715.96  1723.5  1975.73 1763.32 1739.22 1882.98 1904.87 1910.63 1749.6  1889.35 1759.23 1769.28 1672.31 148.24  0.0     30.86   1484.04 782.06  753     314.8   721.44  683.04  1332.1  1496.7  1815.81 712.35  775.3   491.99  634.32  806.07  903.45  960.45  1046.45 1196.83 398.82  1441.98 1695.58 487.77  1930.02 1786.21 193.1   376.67  535.14  314.61  457.23  431.04  419.89  442.32  1209.68 1862.32 1907.97 1907.97 1891.1  1891.1  1803.24 1797.06 1797.06 498.8   529.42  952.67  1051.65 2504.21 1766.67 1784.11 1275.1  1167.12 839.48  961.35  275.91  1926.99 1152.64 715.96
16      685.11  1692.64 1944.87 1732.46 1708.36 1852.12 1874.01 1879.77 1718.74 1858.49 1728.37 1738.42 1641.46 117.38  106.86  0.0     1453.18 751.2   722.15  283.94  690.58  652.18  1301.24 1465.84 1784.95 681.49  744.44  461.13  603.46  775.21  872.59  929.59  1015.59 1165.97 367.96  1411.12 1664.76 456.91  1899.16 1755.35 162.24  345.82  504.28  283.69  426.36  400.18  389.12  411.46  1178.82 1831.46 1877.11 1877.11 1860.24 1860.24 1772.38 1766.2  1766.2  467.94  498.56  921.81  1020.79 2473.35 1735.81 1753.25 1244.24 1136.26 808.62  930.49  245.14  1896.13 1121.85 685.11
17      912.38  1162.14 1414.37 1201.96 1177.86 1321.62 1343.51 1349.27 1188.24 1327.99 1197.87 1207.92 1111.0  1528.87 1533.27 1506.4  0.0     1140.47 1111.42 1605.55 1079.8  863.64  229.0   12.66   844.22  1345.92 1408.87 1535.45 1525.55 1021.52 1118.95 1175.95 949.13  793.76  1703.9  484.7   738.34  1336.35 958.43  814.62  1389.9  1210.36 1233.52 1195.05 1248.84 1222.65 1211.59 1233.93 648.32  849.98  936.38  936.38  919.51  919.51  831.7   825.47  825.47  1505.8  1421.39 1168.09 954.33  1936.27 1205.31 1222.75 984.41  445.82  942.08  1176.83 1597.85 955.4   685.72  912.38
18      621.44  1628.82 1881.12 1668.66 1644.61 1788.37 1810.26 1816.02 1654.99 1794.68 1664.62 1674.59 1577.68 857.92  862.32  835.54  1162.64 0       175.66  934.6   144.16  506.63  1010.7  1175.3  1494.41 701.18  764.13  890.71  880.81  376.88  474.21  531.23  617.21  874.23  1081.91 1120.58 1374.19 665.42  1608.62 1464.81 718.86  539.45  562.54  524.1   577.89  551.7   540.64  562.98  1115.14 1500.17 1586.57 1586.57 1569.7  1569.7  1481.89 1475.66 1475.66 861.06  776.65  523.43  622.41  2409.69 1672.16 1689.5  845.9   845.72  585.12  532.11  926.9   1605.59 1058.1  621.44
19      650.49  1657.94 1910.17 1697.84 1673.66 1817.41 1839.31 1845.07 1684.04 1823.8  1693.67 1703.72 1606.8  886.97  891.37  864.59  1191.69 29.05   0       963.65  173.18  535.68  1039.75 1204.35 1523.46 730.23  793.18  919.76  909.82  405.88  503.26  560.31  646.26  903.33  1110.96 1149.63 1403.21 694.47  1637.67 1493.86 748.0   568.5   591.62  553.15  606.94  580.75  569.77  591.94  1144.12 1529.22 1615.66 1615.66 1598.75 1598.75 1511.01 1504.71 1504.71 890.11  805.7   552.48  651.46  2438.65 1701.11 1718.55 874.91  874.77  614.18  561.16  955.95  1634.64 1087.06 650.49
20      767.26  1774.8  2027.03 1814.62 1790.52 1934.28 1956.17 1961.93 1800.9  1940.65 1810.53 1820.58 1723.66 299.73  304.13  277.3   1535.34 833.36  804.31  0.0     772.64  734.34  1383.4  1548.0  1867.11 863.84  926.79  652.53  785.77  857.31  954.75  1011.75 1097.65 1248.13 550.31  1493.28 1746.92 539.07  1981.32 1837.51 244.38  427.98  586.44  365.84  508.53  482.34  471.28  493.62  1260.98 1913.54 1959.27 1959.27 1942.4  1942.4  1854.54 1848.36 1848.36 659.34  680.91  1003.97 1102.95 2555.51 1817.97 1835.41 1326.4  1218.42 890.78  1012.58 429.34  1978.21 1204.01 767.26
21      682.06  1689.51 1941.74 1729.33 1705.23 1848.99 1870.88 1876.64 1715.61 1855.36 1725.24 1735.29 1638.37 918.54  922.94  896.16  1223.26 60.55   31.57   995.22  0.0     567.25  1071.32 1235.92 1555.03 761.8   824.75  951.33  941.36  437.45  534.83  591.83  677.83  934.8   1142.53 1181.2  1434.82 726.04  1669.24 1525.43 779.57  600.07  623.16  584.72  638.51  612.32  601.26  623.6   1175.69 1560.79 1647.19 1647.19 1630.32 1630.32 1542.51 1536.28 1536.28 921.68  837.27  584.05  683.03  2470.22 1732.68 1750.12 906.48  906.31  645.75  592.73  987.46  1666.21 1118.72 682.06
22      215.52  1222.97 1475.2  1262.79 1238.69 1382.41 1404.34 1410.1  1249.07 1388.82 1258.7  1268.68 1171.79 766.3   770.7   743.92  828.93  442.81  413.76  842.98  382.19  0.0     676.99  841.59  1160.7  648.26  711.21  837.72  827.89  323.87  421.27  478.19  285.66  540.47  1006.24 786.81  1040.51 573.8   1274.91 1131.1  627.33  447.83  470.95  432.48  486.27  460.08  449.02  471.36  709.15  1166.46 1252.86 1252.86 1235.99 1235.99 1148.18 1141.95 1141.95 808.14  723.73  470.51  290.86  2003.68 1266.14 1283.58 514.31  512.01  156.44  479.19  835.28  1271.87 652.18  215.52
23      683.32  933.08  1185.31 972.9   948.76  1092.56 1114.45 1120.21 959.18  1098.93 968.81  978.84  881.94  1299.81 1304.21 1277.43 236.34  911.41  882.36  1376.49 850.79  634.58  0.0     249.0   615.16  1116.86 1179.81 1306.36 1296.49 792.51  889.89  946.89  720.07  564.7   1474.84 255.64  509.28  1107.23 729.37  585.54  1160.84 981.34  1004.46 965.99  1019.78 993.59  982.53  1004.87 419.26  620.92  707.32  707.32  690.45  690.45  602.55  596.41  596.41  1276.74 1192.33 939.11  725.27  1707.21 976.15  993.69  755.35  216.76  713.08  947.79  1368.79 726.34  456.66  683.32
24      899.72  1149.48 1401.65 1189.3  1165.2  1308.96 1330.85 1336.61 1175.58 1315.33 1185.12 1195.26 1098.34 1516.11 1520.61 1493.83 56.62   1127.81 1098.76 1592.89 1067.19 850.98  216.4   0.0     831.56  1333.26 1396.21 1522.79 1512.89 1008.91 1106.29 1163.29 936.47  781.1   1691.24 472.04  725.68  1323.71 945.77  801.96  1377.22 1197.74 1220.86 1182.39 1236.17 1209.99 1198.93 1221.27 635.66  837.32  923.72  923.72  906.85  906.85  819.04  812.81  812.81  1493.14 1408.73 1155.51 941.67  1923.61 1192.65 1210.04 971.71  433.16  929.48  1164.19 1585.19 942.74  673.06  899.72
25      1334.05 530.65  756.97  456.47  520.46  664.22  686.06  691.87  530.84  670.59  540.47  550.52  599.74  1950.54 1954.94 1928.16 924.85  1562.14 1533.09 2027.22 1501.52 1285.31 772.91  937.51  0.0     1767.59 1830.54 1957.1  1947.22 1443.24 1540.62 1597.6  1370.8  1215.43 2125.57 901.67  717.86  1758.04 285.72  541.11  1811.57 1632.05 1655.19 1616.72 1670.51 1644.32 1633.26 1655.6  1069.99 576.47  263.67  263.67  246.8   246.8   558.19  551.96  551.96  1927.47 1843.06 1589.84 1376.0  1425.29 913.71  571.68  1406.08 867.49  1363.81 1598.52 2019.52 111.18  1107.39 1334.05
26      888.13  1883.57 2135.8  1923.39 1899.29 2043.05 2064.94 2070.7  1909.67 2049.42 1919.3  1929.35 1832.43 584.06  712.3   685.52  1401.96 745.94  716.89  884.79  685.32  745.91  1249.98 1414.62 1733.64 0.0     222.75  299.64  289.76  459.55  571.52  410.46  600.9   1113.5  468.02  1359.9  1613.54 1024.92 1847.94 1704.13 725.34  913.83  945.38  851.76  994.38  968.19  957.13  979.47  1369.75 1739.49 1825.89 1825.89 1809.02 1809.02 1721.21 1714.98 1714.98 270.01  185.6   400.51  561.96  2664.28 1926.66 1944.18 769.83  1085.04 824.44  492.8   518.2   1844.91 1312.78 888.13
27      969.81  1965.25 2217.48 2005.07 1980.97 2124.73 2146.62 2152.38 1991.35 2131.1  2000.97 2011.03 1914.11 665.74  793.98  767.2   1483.64 827.62  798.57  966.47  767.0   827.63  1331.62 1496.3  1815.4  81.6    0.0     381.25  371.44  541.23  653.2   492.12  682.58  1195.18 549.79  1441.58 1695.16 1106.6  1929.62 1785.81 807.02  995.51  1027.06 933.44  1076.06 1049.87 1038.75 1061.15 1451.43 1821.17 1907.57 1907.57 1890.66 1890.66 1802.89 1796.66 1796.66 351.69  267.28  482.12  643.64  2745.95 2008.42 2025.86 851.51  1166.65 906.13  574.48  599.92  1926.59 1394.43 969.81
28      953.47  1960.94 2213.22 2000.81 1976.71 2120.47 2142.36 2148.12 1987.09 2126.84 1996.72 2006.77 1909.85 303.08  431.32  404.54  1747.31 1019.55 990.5   603.81  958.93  920.53  1595.37 1759.97 2079.08 507.45  570.4   0.0     429.42  804.9   916.87  755.81  946.25  1458.85 193.92  1705.25 1958.89 725.26  2193.29 2049.44 425.68  614.17  772.59  552.1   694.68  668.53  657.42  679.78  1447.17 2084.84 2171.24 2171.24 2154.34 2154.34 2066.56 2060.33 2060.33 263.47  324.52  745.86  907.31  2741.7  2004.16 2021.6  1115.18 1430.29 1076.97 838.15  218.56  2190.26 1390.2  953.47
29      962.27  1969.79 2222.02 2009.61 1985.51 2129.27 2151.16 2156.92 1995.89 2135.64 2005.52 2015.57 1918.65 294.3   422.54  395.76  1731.74 1028.35 999.3   595.03  967.73  929.27  1579.74 1744.4  2063.51 491.88  554.83  280.74  0.0     789.33  901.28  740.24  930.68  1443.28 178.35  1689.68 1943.32 734.06  2177.72 2033.91 434.48  622.97  781.35  560.95  703.52  677.33  666.27  688.61  1455.97 2069.27 2155.67 2155.67 2138.71 2138.71 2050.99 2044.76 2044.76 287.55  308.95  730.29  891.74  2750.5  2012.96 2030.4  1099.61 1414.82 1085.77 822.58  227.36  2174.69 1398.96 962.27
30      654.15  1649.59 1901.82 1689.41 1665.31 1809.07 1830.96 1836.72 1675.69 1815.44 1685.32 1695.37 1598.45 820.38  948.62  921.84  1167.94 511.89  482.91  1083.43 451.34  511.87  1016.04 1180.64 1499.75 346.45  409.4   535.98  526.08  0.0     337.54  176.48  366.92  879.52  704.43  1125.92 1379.56 814.25  1613.96 1470.15 867.78  688.28  711.4   672.93  726.72  700.53  689.47  711.81  1135.77 1505.51 1591.91 1591.91 1575.02 1575.02 1487.23 1481    1481    506.33  421.92  168.7   327.98  2430.3  1692.76 1710.2  535.85  851.06  590.47  177.38  754.59  1610.93 1078.8  654.15
31      591.9   1587.34 1839.57 1627.16 1603.06 1746.8  1768.71 1774.47 1613.44 1753.19 1623.07 1633.12 1536.2  944.5   948.9   922.12  1105.73 449.63  420.66  1021.18 389.09  449.72  953.79  1118.39 1437.5  483.4   546.35  672.93  663.03  159.05  0.0     313.38  560.3   817.27  841.38  1063.67 1317.31 752.0   1551.71 1407.9  805.53  626.03  649.13  610.68  664.47  638.28  627.18  649.56  1073.52 1443.26 1529.66 1529.66 1512.76 1512.76 1424.98 1418.75 1418.75 643.28  558.87  305.65  565.5   2368.05 1630.51 1647.95 788.95  788.81  528.22  314.33  891.54  1548.68 1016.55 591.9
32      477.68  1473.13 1725.42 1513.01 1488.91 1632.67 1654.56 1660.32 1499.29 1639.03 1508.92 1518.97 1422.05 830.35  834.75  807.97  991.58  335.56  306.45  907.03  274.94  335.56  839.57  1004.24 1323.35 373.52  436.47  562.98  553.15  49.17   161.13  0.0     446.15  703.05  731.5   949.52  1203.16 637.85  1437.56 1293.75 691.38  511.88  535.0   496.53  550.32  524.13  513.07  535.41  959.37  1329.11 1415.51 1415.51 1398.64 1398.64 1310.83 1304.6  1304.6  533.4   448.99  195.77  451.35  2253.9  1516.36 1533.8  674.8   674.66  414.07  204.45  781.66  1434.53 902.4   477.68
33      468.16  1428.63 1680.83 1468.37 1444.27 1588.03 1609.92 1615.68 1454.71 1594.4  1464.37 1474.41 1377.41 1018.93 1023.34 996.56  946.94  601.54  572.39  1095.62 540.82  325.88  795.0   959.6   1278.71 577.8   640.77  767.33  757.43  482.54  579.87  326.3   0.0     412.95  935.78  904.88  1158.47 826.44  1392.92 1249.11 879.97  700.47  723.59  685.12  738.95  712.72  701.66  724     914.81  1284.47 1370.87 1370.87 1354    1354    1266.19 1259.96 1259.96 737.68  653.34  399.26  133.52  2209.28 1471.72 1489.16 352.64  630.02  404.48  408.64  985.94  1389.89 857.76  468.16
34      472.62  1151.34 1403.6  1191.19 1167.09 1310.85 1332.74 1338.5  1177.47 1317.22 1187.1  1197.15 1100.23 1089.11 1093.51 1066.73 631.21  699.42  670.37  1165.79 638.8   422.59  479.27  643.87  962.94  904.87  967.82  1094.37 1084.5  580.52  677.9   734.9   508.08  0.0     1262.85 589.15  842.79  896.61  1077.19 933.38  950.14  770.64  793.76  755.29  809.08  782.82  771.8   794.17  637.55  968.74  1055.14 1055.14 1038.27 1038.27 950.46  944.23  944.23  1064.75 980.34  727.12  513.28  1932.08 1194.54 1211.93 527.28  314.29  501.09  735.8   1158.09 1074.16 580.58  472.62
35      1039.56 2035.0  2287.23 2074.78 2050.72 2194.48 2216.37 2222.13 2061.1  2200.85 2070.73 2080.78 1983.86 529.8   658.04  631.26  1553.39 897.37  868.32  830.53  836.75  897.38  1401.45 1566.05 1885.16 313.53  376.48  244.59  235.5   610.98  722.93  561.89  752.33  1264.9  0.0     1511.33 1764.97 969.92  1999.37 1855.56 670.34  858.83  1017.29 796.69  939.38  913.19  902.09  924.47  1521.18 1890.92 1977.32 1977.32 1960.35 1960.35 1872.59 1866.41 1866.41 215.01  130.6   551.94  713.39  2815.71 2078.17 2095.61 921.26  1236.47 975.88  644.23  463.27  1996.34 1464.21 1039.56
36      763.11  1155.19 1407.5  1195.09 1170.99 1314.75 1336.64 1342.4  1181.37 1321.12 1191.0  1201.05 1104.06 1379.6  1384.0  1357.22 510.71  989.91  960.86  1456.28 929.29  713.08  358.77  523.37  838.03  925.45  988.4   1114.98 1105.08 871.01  968.39  671.77  509.48  290.49  1283.43 0       431.58  1187.1  952.24  808.43  1240.63 1061.13 1084.25 1045.78 1099.57 1073.38 1062.32 1084.66 641.45  843.79  930.19  930.19  913.24  913.24  825.51  819.28  819.28  1085.33 1000.92 746.21  481.19  1708.19 1198.44 1215.88 482.18  436.36  791.58  756.38  1448.58 949.21  678.8   763.11
37      812.66  1062.42 1314.65 1102.24 1078.14 1221.9  1243.79 1249.55 1088.52 1228.27 1098.15 1108.2  1011.28 1429.15 1433.55 1406.77 417.86  1040.75 1011.7  1505.83 980.13  763.92  265.92  430.52  745.18  1246.2  1309.15 1435.73 1425.83 921.85  1019.23 1076.23 849.41  371.66  1604.13 116.84  0       1236.65 859.39  715.58  1290.18 1110.68 1133.8  1095.33 1149.12 1122.84 1111.87 1134.21 548.6   750.89  837.34  837.34  820.47  820.47  732.66  726.43  726.43  1406.08 1321.67 1068.45 562.49  1837.23 1105.57 1123.03 563.45  346.1   842.34  1077.13 1498.13 856.36  586     812.66
38      570.66  1578.11 1830.34 1617.93 1593.83 1737.59 1759.48 1765.24 1604.21 1743.96 1613.84 1623.89 1526.97 192.5   196.9   170.1   1338.56 636.67  607.62  269.18  576.05  537.65  1186.71 1351.31 1670.42 754.49  817.44  484.67  651.99  660.68  758.06  815.06  901.0   1051.44 416.49  1296.59 1550.23 0.0     1784.63 1640.82 53.53   231.29  389.75  169.22  311.84  285.63  274.59  296.93  1064.29 1716.93 1762.58 1762.58 1745.68 1745.68 1657.86 1651.67 1651.67 491.48  547.09  807.28  906.26  2358.82 1621.28 1638.72 1129.71 1021.73 694.09  815.96  261.48  1781.6  1007.32 570.66
39      1322.36 283.81  510.13  209.63  273.62  417.38  439.27  444.96  284.0   423.75  293.63  303.68  352.9   1938.85 1943.25 1916.47 913.16  1550.45 1521.4  2015.53 1489.83 1273.62 761.22  925.82  170.11  1755.9  1818.85 1945.41 1935.52 1431.55 1528.93 1585.93 1359.11 1203.74 2113.88 889.98  706.17  1746.35 0.0     332.38  1799.88 1620.38 1643.5  1605.03 1658.82 1632.63 1621.48 1643.86 784.99  367.74  16.83   16.83   68.17   68.17   349.46  343.23  343.23  1915.78 1831.37 1578.15 1364.31 1038.61 704.98  324.92  1394.39 855.8   1352.12 1586.83 2007.83 281.29  1095.7  1322.36
40      1226.41 358.4   610.53  398.22  374.12  517.88  539.77  545.53  384.4   524.25  394.13  404.18  307.26  1842.96 1847.36 1820.58 848.78  1486.07 1457.02 1919.64 1425.45 1266.48 696.84  861.44  504.84  1691.52 1754.47 1881.05 1871.15 1367.17 1464.55 1521.51 1294.73 1139.36 2066.95 825.57  648.92  1650.46 422.03  0.0     1703.99 1524.49 1547.61 1509.14 1562.93 1536.74 1525.68 1548.02 633.87  117.72  399.98  399.98  383.11  383.11  17.11   10.88   10.88   1851.4  1766.99 1513.77 1299.93 1139.11 372.63  419.01  1330.01 791.42  1287.74 1522.45 1911.94 616.02  939.92  1226.41
41      585.54  1593.05 1845.22 1632.87 1608.77 1752.53 1774.42 1780.18 1619.15 1758.9  1628.78 1638.83 1541.91 191.13  195.53  168.75  1353.59 651.61  622.56  267.81  590.99  552.59  1201.65 1366.25 1685.36 748.24  811.19  478.42  645.74  675.62  772.98  830.0   916.0   1066.38 410.24  1311.53 1565.17 357.32  1799.57 1655.76 0.0     246.23  404.69  184.16  326.78  300.59  289.53  311.87  1079.23 1731.87 1777.52 1777.52 1760.65 1760.65 1672.79 1666.61 1666.61 485.23  540.84  822.22  921.2   2373.76 1636.22 1653.66 1144.65 1036.67 709.03  830.9   255.22  1796.54 1022.26 585.54
42      414.62  1422.13 1674.36 1461.95 1437.85 1581.61 1603.5  1609.26 1448.23 1587.98 1457.86 1467.91 1370.95 383.46  387.86  361.04  1182.67 480.69  451.64  460.14  420.07  381.67  1030.73 1195.33 1514.44 829.05  892.0   675.63  842.95  504.7   602.08  658.99  745.08  895.46  607.45  1140.61 1394.25 190.96  1628.65 1484.84 244.49  0.0     233.77  49.64   155.86  129.67  118.55  140.95  908.31  1560.95 1606.6  1606.6  1589.73 1589.73 1501.87 1495.69 1495.69 682.44  738.05  651.3   750.28  2202.82 1465.3  1482.74 973.73  865.75  538.11  659.98  452.36  1625.62 851.34  414.62
43      398.08  1405.55 1657.82 1445.41 1421.31 1565.07 1586.96 1592.72 1431.69 1571.44 1441.32 1451.37 1354.45 502.24  506.64  479.86  1166.13 464.15  435.1   578.88  403.53  365.13  1014.19 1178.79 1497.9  812.51  875.46  794.41  961.73  488.16  585.54  642.54  728.54  878.92  726.23  1124.02 1377.71 309.74  1612.11 1468.3  363.27  183.73  0.0     168.42  222.21  196.02  184.96  207.3   891.77  1544.41 1590.06 1590.06 1573.19 1573.19 1485.32 1479.15 1479.15 801.22  856.83  634.76  733.74  2186.3  1448.76 1466.2  957.19  849.21  521.57  643.44  571.22  1609.08 834.7   398.08
44      425.49  1432.94 1685.17 1472.76 1448.66 1592.42 1614.31 1620.06 1459.04 1598.79 1468.67 1478.72 1381.8  368.17  372.57  345.79  1193.45 491.5   462.45  444.85  430.88  392.48  1041.54 1206.14 1525.25 839.86  902.81  660.34  827.66  515.51  612.89  669.89  755.89  906.27  592.16  1151.42 1405.06 175.67  1639.46 1495.65 229.2   86.12   244.58  0.0     166.67  140.48  129.42  151.75  919.12  1571.76 1617.41 1617.41 1600.54 1600.54 1512.69 1506.5  1506.5  667.15  722.76  662.11  761.09  2213.65 1476.09 1493.55 984.54  876.56  548.92  670.79  437.15  1636.43 862.15  425.49
45      368.68  1376.19 1628.42 1416.0  1391.91 1535.67 1557.56 1563.32 1402.29 1542.04 1411.92 1421.97 1325.05 400.25  404.65  377.87  1136.73 434.75  405.7   476.93  374.13  335.73  984.79  1149.39 1468.5  783.11  846.06  692.42  859.81  458.76  556.14  613.14  699.1   849.45  624.24  1094.67 1348.31 207.75  1582.71 1438.9  261.28  81.78   187.83  66.43   0.0     84.37   73.31   95.65   862.37  1515.01 1560.66 1560.66 1543.79 1543.79 1455.93 1449.75 1449.75 699.23  754.84  605.36  704.34  2156.9  1419.36 1436.8  927.79  819.79  492.17  614.04  469.23  1579.68 805.4   368.68
46      394.93  1402.38 1654.61 1442.2  1418.1  1561.86 1583.75 1589.51 1428.48 1568.23 1438.11 1448.16 1351.24 426.44  430.84  403.98  1162.92 460.92  431.89  503.12  400.32  361.92  1010.98 1175.58 1494.69 809.3   872.25  718.61  885.93  484.95  582.33  639.33  725.33  875.71  650.43  1120.86 1374.5  233.94  1608.9  1465.08 287.38  107.97  214.02  92.62   26.19   0       99.5    11.28   888.56  1541.2  1586.85 1586.85 1569.98 1569.98 1482.13 1475.94 1475.94 725.42  781.03  631.55  730.53  2183.09 1445.55 1462.99 953.98  846     518.36  640.23  495.39  1605.87 831.57  394.93
47      405.99  1413.44 1665.67 1453.24 1429.16 1572.92 1594.81 1600.57 1439.54 1579.29 1449.17 1459.22 1362.3  437.5   441.9   415.12  1173.98 472     442.95  514.08  411.38  372.98  1022.04 1186.64 1505.75 820.36  883.31  729.67  896.99  496.01  593.31  650.39  736.31  886.77  661.49  1131.92 1385.54 245.0   1619.96 1476.15 298.53  119.03  225.08  103.68  37.25   11.06   0       22.34   899.62  1552.26 1597.91 1597.91 1581.04 1581.04 1493.19 1487    1487    736.48  792.09  642.61  741.59  2194.15 1456.61 1474.05 965.04  857.06  529.42  651.29  506.48  1616.93 842.65  405.99
48      383.59  1391.1  1643.33 1430.92 1406.82 1550.58 1572.47 1578.23 1417.2  1556.95 1426.83 1436.88 1339.96 415.16  419.56  392.78  1151.59 449.66  420.61  491.84  389.04  350.57  999.7   1164.3  1483.41 798.02  860.97  707.31  874.65  473.67  571.05  628.05  714.05  864.43  639.15  1109.58 1363.22 222.6   1597.62 1453.81 276.11  96.69   202.74  81.34   14.91   99.2    88.22   0       877.28  1529.92 1575.57 1575.57 1558.7  1558.7  1470.84 1464.66 1464.66 714.14  769.75  620.27  719.25  2171.81 1434.27 1451.71 942.7   834.74  507.08  628.95  484.14  1594.59 820.25  383.59
49      592.64  580.68  832.91  620.5   596.4   740.16  762.05  767.81  606.78  746.53  616.41  626.46  529.54  1209.13 1213.53 1186.75 613.97  1048.86 1019.81 1285.81 988.24  632.65  462.03  626.63  945.74  1268.84 1331.79 1458.34 1448.47 944.49  1041.87 1098.87 918.31  755.05  1433.12 571.91  825.55  1016.63 793.39  679.65  1070.16 890.66  913.68  875.31  929.1   902.91  891.85  914.19  0.0     719.5   1037.9  1037.9  1021.03 1021.03 696.73  690.5   690.5   1428.72 1344.31 1091.09 923.51  1361.39 623.85  641.29  945.7   406.67  789.09  1099.77 1278.07 1056.92 306.09  592.64
50      1249.59 442.67  694.83  482.49  458.39  602.15  624.04  629.8   468.77  608.52  478.4   488.45  391.53  1866.08 1870.48 1843.7  840.39  1477.68 1448.63 1942.76 1417.06 1200.85 688.45  853.05  496.45  1683.13 1746.08 1872.58 1862.76 1358.78 1456.16 1513.16 1286.34 1130.97 2041.11 817.21  640.53  1673.58 413.64  84.3    1727.11 1547.61 1570.73 1532.26 1586.05 1559.86 1548.8  1571.14 718.11  0.0     391.59  391.59  374.72  374.72  101.38  95.15   95.15   1843.01 1758.6  1505.38 1291.54 1223.38 456.9   503.28  1321.62 783.03  1279.35 1514.06 1935.06 607.63  1024.19 1249.59
51      1344.41 266.98  493.3   192.8   256.79  400.55  422.44  428.13  267.17  406.92  276.76  286.85  336.07  1960.9  1965.3  1938.52 935.21  1572.5  1543.45 2037.58 1511.88 1295.67 783.27  947.87  192.16  1777.95 1840.9  1967.48 1957.58 1453.6  1550.98 1607.98 1381.16 1225.79 2135.93 911.97  728.22  1768.38 22.05   354.43  1821.93 1642.43 1665.55 1627.08 1680.87 1654.68 1643.62 1665.96 768.16  389.79  0       0       90.23   90.23   371.51  365.28  365.28  1937.83 1853.42 1600.2  1386.36 1021.78 546.11  308.09  1416.44 877.85  1374.17 1608.88 2029.88 303.34  1117.75 1344.41
52      1344.41 266.98  493.3   192.8   256.79  400.55  422.44  428.13  267.17  406.92  276.76  286.85  336.07  1960.9  1965.3  1938.52 935.21  1572.5  1543.45 2037.58 1511.88 1295.67 783.27  947.87  192.16  1777.95 1840.9  1967.48 1957.58 1453.6  1550.98 1607.98 1381.16 1225.79 2135.93 911.97  728.22  1768.38 22.05   354.43  1821.93 1642.43 1665.55 1627.08 1680.87 1654.68 1643.62 1665.96 768.16  389.79  0       0       90.23   90.23   371.51  365.28  365.28  1937.83 1853.42 1600.2  1386.36 1021.78 546.11  308.09  1416.44 877.85  1374.17 1608.88 2029.88 303.34  1117.75 1344.41
53      1318.5  283.84  510.17  209.67  273.66  417.42  439.31  445.07  284.04  423.79  293.67  303.72  352.94  1934.99 1939.39 1912.61 909.3   1546.59 1517.54 2011.64 1485.9  1269.76 757.33  921.96  166.25  1752.04 1814.99 1941.57 1931.67 1427.69 1525.05 1582.07 1355.25 1199.88 2110.02 886.12  702.31  1742.49 38.92   328.52  1796.02 1616.52 1639.57 1601.17 1654.96 1628.77 1617.71 1640.05 785.03  363.88  16.87   16.87   0       0       345.6   339.37  339.37  1911.92 1827.51 1574.29 1360.45 1038.65 562.98  324.9   1390.53 851.94  1348.26 1582.97 2003.97 277.43  1091.84 1318.5
54      1318.5  283.84  510.17  209.67  273.66  417.42  439.31  445.07  284.04  423.79  293.67  303.72  352.94  1934.99 1939.39 1912.61 909.3   1546.59 1517.54 2011.64 1485.9  1269.76 757.33  921.96  166.25  1752.04 1814.99 1941.57 1931.67 1427.69 1525.05 1582.07 1355.25 1199.88 2110.02 886.12  702.31  1742.49 38.92   328.52  1796.02 1616.52 1639.57 1601.17 1654.96 1628.77 1617.71 1640.05 785.03  363.88  16.87   16.87   0       0       345.6   339.37  339.37  1911.92 1827.51 1574.29 1360.45 1038.65 562.98  324.9   1390.53 851.94  1348.26 1582.97 2003.97 277.43  1091.84 1318.5
55      1209.36 341.26  593.52  381.11  357.01  500.77  522.66  528.42  367.34  507.14  376.98  387.07  290.15  1825.85 1830.25 1803.47 831.67  1468.96 1439.91 1902.53 1408.34 1249.37 679.65  844.33  487.73  1674.41 1737.36 1863.94 1854.04 1350.06 1447.44 1504.44 1277.62 1122.25 2049.84 808.49  631.81  1633.35 404.92  60.76   1686.83 1507.38 1530.48 1492.03 1545.82 1519.63 1508.57 1530.91 616.76  100.61  382.87  382.87  366     366     0       71.52   71.52   1834.29 1749.88 1496.66 1282.75 1122    355.52  401.9   1312.9  774.31  1270.63 1505.34 1894.83 598.91  922.81  1209.36
56      1215.59 347.52  599.71  387.34  363.24  507.0   528.89  534.65  373.62  513.37  383.25  393.3   296.38  1832.08 1836.48 1809.7  837.9   1475.19 1446.14 1908.75 1414.57 1255.6  685.96  850.56  493.96  1680.64 1743.59 1870.17 1860.18 1356.25 1453.67 1510.67 1283.85 1128.48 2056.07 814.72  638.04  1639.53 411.15  66.99   1693.06 1513.61 1536.73 1498.26 1552.05 1525.86 1514.8  1537.09 622.99  106.84  389.1   389.1   372.23  372.23  6.15    0       0       1840.52 1756.11 1502.89 1289.01 1128.23 361.75  408.13  1319.13 780.54  1276.86 1511.57 1901.06 605.13  928.98  1215.59
57      1215.59 347.52  599.71  387.34  363.24  507.0   528.89  534.65  373.62  513.37  383.25  393.3   296.38  1832.08 1836.48 1809.7  837.9   1475.19 1446.14 1908.75 1414.57 1255.6  685.96  850.56  493.96  1680.64 1743.59 1870.17 1860.18 1356.25 1453.67 1510.67 1283.85 1128.48 2056.07 814.72  638.04  1639.53 411.15  66.99   1693.06 1513.61 1536.73 1498.26 1552.05 1525.86 1514.8  1537.09 622.99  106.84  389.1   389.1   372.23  372.23  6.15    0       0       1840.52 1756.11 1502.89 1289.01 1128.23 361.75  408.13  1319.13 780.54  1276.86 1511.57 1901.06 605.13  928.98  1215.59
58      1047.82 2043.31 2295.54 2083.13 2059.03 2202.79 2224.68 2230.44 2069.41 2209.16 2079.04 2089.09 1992.17 458.14  586.38  559.6   1561.7  905.68  876.63  758.87  845.05  905.67  1409.76 1574.36 1893.47 321.84  384.79  155.03  261.64  619.29  731.26  570.2   760.64  1273.24 348.98  1519.64 1773.28 880.26  2007.68 1863.87 580.74  769.23  927.69  707.16  849.78  823.59  812.53  834.87  1529.49 1899.23 1985.63 1985.63 1968.7  1968.7  1880.95 1874.72 1874.72 0.0     145.87  560.25  721.7   2824.02 2086.48 2103.92 929.57  1244.78 984.19  652.54  373.67  2004.62 1472.52 1047.82
59      1067.6  2067.96 2320.19 2107.78 2083.68 2227.44 2249.33 2255.09 2094.06 2233.81 2103.69 2113.74 2016.82 417.14  545.38  518.6   1586.35 930.33  901.28  717.87  869.71  930.34  1434.41 1599.01 1918.12 346.49  409.44  114.06  286.29  643.94  755.91  594.85  785.29  1297.89 307.98  1544.29 1797.93 839.32  2032.33 1888.52 539.74  728.23  886.69  666.16  808.78  782.59  771.53  793.87  1554.14 1923.88 2010.28 2010.28 1993.41 1993.41 1905.6  1899.37 1899.37 84.41   0.0     584.9   746.35  2848.67 2111.09 2128.57 954.22  1269.43 1008.84 677.19  332.64  2029.3  1497.17 1067.6
60      787.22  1782.66 2034.87 1822.48 1798.38 1942.24 1964.13 1969.79 1808.86 1948.51 1818.39 1828.44 1731.52 1034.89 1144.32 1117.44 1301.05 645.03  615.98  1216.6  584.45  645.0   1149.11 1313.71 1632.82 560.96  624.01  750.49  740.59  358.64  470.55  309.55  498.37  1012.59 918.95  1259.09 1512.63 947.32  1747.03 1603.22 1000.85 821.31  844.54  806.0   859.89  833.6   822.54  844.88  1268.84 1638.58 1725.02 1725.02 1708.09 1708.09 1620.3  1614.07 1614.07 720.84  636.43  0.0     459.53  2563.37 1825.83 1843.37 667.3   984.13  723.54  391.89  969.1   1744    1211.87 787.22
61      668.27  1663.71 1915.94 1703.53 1679.43 1823.17 1845.08 1850.77 1689.81 1829.56 1699.44 1709.49 1612.57 918.06  1025.27 998.49  1182.1  526.08  497.03  1097.55 465.46  526.03  1030.16 1194.76 1513.83 444.23  507.18  633.76  623.86  239.69  351.66  190.52  463.91  893.64  802.21  1140.04 1393.68 828.37  1628.08 1484.27 881.9   702.4   725.52  687.05  740.84  714.65  703.59  725.93  1149.89 1519.6  1606.03 1606.03 1589.16 1589.16 1501.32 1495.12 1495.12 604.11  519.7   265.69  0.0     2444.42 1706.81 1724.32 632.84  865.18  604.51  275.16  852.31  1625.05 1092.92 668.27
62      2171.34 1077.61 1134.44 1101.88 1062.82 971.26  993.15  998.91  1010.28 977.63  1019.91 1029.96 1146.7  2787.88 2792.28 2765.5  2128.65 2627.61 2598.56 2864.56 2566.99 2211.4  1976.71 2141.31 1526.74 2847.59 2910.54 3037.08 3027.22 2523.24 2620.62 2677.62 2497.06 2333.8  3011.87 2105.47 1817.57 2595.38 1274.77 1412.54 2648.91 2469.41 2492.53 2454.06 2507.85 2481.66 2470.6  2492.94 1578.79 1452.39 1291.6  1291.6  1601.94 1601.94 1429.62 1423.39 1423.39 3007.47 2923.06 2669.84 2502.26 0       1356.74 1113.06 2524.45 1985.42 2367.84 2678.52 2856.86 1637.92 1884.84 2171.34
63      1207.93 339.8   592.09  379.68  355.58  499.31  521.23  526.99  365.96  505.71  375.59  385.64  288.72  1824.42 1828.82 1802.04 934.8   1572.09 1543.05 1901.1  1511.47 1247.94 782.86  947.46  590.86  1777.54 1840.49 1967.0  1957.17 1453.15 1550.57 1607.57 1380.75 1225.38 2048.41 911.62  734.94  1631.92 508.05  178.71  1685.45 1505.95 1529.07 1490.6  1544.39 1518.2  1507.14 1529.48 615.33  154.92  486     486     469.13  469.13  195.79  189.56  189.56  1937.42 1853.01 1599.87 1385.95 1120.54 0       400.47  1416.03 877.44  1404.38 1608.47 1893.43 702.04  921.43  1207.93
64      1217.4  123.65  361.06  154.31  124.55  268.31  290.2   295.96  134.93  274.68  144.56  154.61  192.74  1833.92 1838.32 1811.54 1229.49 1673.58 1644.6  1910.6  1613.03 1257.44 1077.55 1242.15 497.38  1893.63 1956.58 2083.16 2073.26 1569.28 1666.66 1723.66 1543.1  1379.84 2057.91 1196.7  1029.63 1641.37 327.27  458.58  1694.95 1515.45 1538.52 1500.1  1553.89 1527.7  1516.64 1538.98 624.83  498.43  344.1   344.1   395.45  395.45  475.66  469.43  469.43  2053.51 1969.1  1715.83 1548.3  889.54  402.78  0       1570.49 1031.46 1413.88 1724.49 1902.9  608.56  930.88  1217.4
65      708.69  1441.74 1693.97 1481.56 1457.46 1601.22 1623.11 1628.87 1467.84 1607.59 1477.47 1487.52 1390.54 1259.47 1263.87 1237.09 921.58  841.97  812.92  1336.15 781.35  566.48  769.64  934.24  1253.35 776.24  839.19  965.77  955.84  723.07  820.45  522.58  360.27  290.37  1134.22 417.01  791.8   1066.94 1367.56 1223.75 1120.5  940.96  964.12  925.65  979.44  953.16  942.19  964.53  927.92  1259.11 1345.51 1345.51 1328.64 1328.64 1240.83 1234.6  1234.6  936.12  851.71  597.0   332.01  2222.45 1484.91 1502.35 0       604.66  645.01  607.17  1184.29 1364.53 870.95  708.69
66      561.45  923.1   1175.33 962.92  938.82  1082.58 1104.47 1110.23 949.2   1088.95 958.83  968.88  872.05  1177.94 1182.34 1155.56 403.42  789.54  760.49  1254.62 728.92  512.71  251.51  416.11  735.31  994.99  1057.98 1184.52 1174.62 670.64  768.02  825.02  598.2   442.83  1352.97 361.39  615.12  985.44  849.51  705.62  1038.97 859.47  882.59  844.12  897.91  871.72  860.66  882.92  409.28  740.98  827.38  827.38  810.53  810.53  722.7   716.47  716.47  1154.9  1070.46 817.24  603.4   1703.81 966.27  983.71  633.5   0       591.21  825.92  1246.97 846.4   446.68  561.45
67      346.09  1353.58 1605.81 1393.4  1369.3  1513.06 1534.95 1540.71 1379.68 1519.43 1389.31 1399.36 1302.44 896.91  901.31  874.53  904.45  518.33  489.28  973.59  457.71  203.95  752.51  917.11  1236.22 723.78  786.73  913.25  903.41  399.43  496.81  553.81  361.18  615.91  1081.76 862.35  1116.03 704.41  1350.43 1206.62 757.85  578.44  601.54  563.09  616.88  590.69  579.63  601.97  839.76  1241.98 1328.38 1328.38 1311.51 1311.51 1223.7  1217.47 1217.47 883.66  799.25  546.03  366.38  2134.29 1396.75 1414.19 589.83  587.53  0       554.71  965.89  1347.4  782.79  346.09
68      1078.05 2073.49 2325.72 2113.31 2089.21 2232.97 2254.86 2260.62 2099.59 2239.34 2109.22 2119.27 2022.35 776.58  904.82  878.01  1591.88 935.86  906.81  1077.31 875.24  935.87  1439.94 1604.54 1923.56 302.65  365.5   492.18  482.28  649.47  761.41  600.38  790.82  1303.42 660.63  1549.82 1803.46 1217.44 2037.86 1894.05 917.86  1106.35 1135.3  1044.28 1186.9  1160.67 1149.65 1171.99 1559.67 1929.41 2015.81 2015.81 1998.88 1998.88 1911.13 1904.9  1904.9  462.53  378.12  590.43  751.88  2854.2  2116.58 2134.1  959.75  1274.96 1014.37 0       710.79  2034.83 1502.7  1078.05
69      780.51  1788.05 2040.28 1827.87 1803.77 1947.53 1969.42 1975.18 1814.15 1953.9  1823.78 1833.83 1736.91 135.96  264.2   237.42  1548.59 846.61  817.53  441.9   785.99  747.59  1396.65 1561.25 1880.36 549.18  612.13  279.36  446.68  870.62  968.0   797.54  1111.0  1261.38 211.18  1506.53 1760.16 552.32  1994.57 1850.76 252.74  441.23  599.67  379.16  521.78  495.59  484.47  506.87  1274.23 1926.87 1972.52 1972.52 1955.65 1955.65 1867.79 1861.61 1861.61 286.17  341.78  787.59  949.04  2568.75 1831.22 1848.66 1156.91 1231.67 904.03  879.88  0       1991.54 1217.26 780.51
70      1222.87 419.47  645.79  345.29  409.28  553.04  574.93  580.69  419.72  559.41  429.25  439.34  488.56  1839.36 1843.76 1816.98 813.67  1450.96 1421.91 1916.04 1390.34 1174.13 661.73  826.38  34.19   1656.41 1719.36 1845.94 1836.04 1332.06 1429.44 1486.44 1259.65 1104.25 2014.39 790.55  606.68  1646.9  174.54  429.93  1700.39 1520.89 1544.01 1505.54 1559.33 1533.14 1522.08 1544.42 958.81  465.29  152.49  152.49  135.62  135.62  447.01  440.8   440.8   1816.29 1731.88 1478.66 1264.87 1314.11 802.53  460.58  1294.9  756.31  1252.63 1487.38 1908.34 0       996.21  1222.87
71      491.64  786.2   1038.44 826.07  801.93  945.69  967.61  973.34  812.27  952.1   821.94  831.99  735.12  1108.2  1112.62 1085.73 609.56  947.88  918.86  1184.71 887.24  531.67  457.62  622.22  941.33  1167.84 1230.79 1357.46 1347.47 843.49  940.87  997.81  817.31  654.01  1332.12 567.5   821.14  915.63  1055.61 885.19  969.16  789.74  812.79  774.38  828.16  801.98  790.87  813.21  272.39  925.02  1033.49 1033.49 1016.62 1016.62 902.26  896.03  896.03  1327.72 1243.31 990.09  822.45  1566.92 829.38  846.82  844.7   402.19  688.09  998.77  1177.11 1052.55 0       491.64
72      0.0     1007.45 1259.68 1047.27 1023.17 1166.93 1188.82 1194.58 1033.55 1173.3  1043.18 1053.23 956.31  810.13  814.53  787.75  767.99  649.86  620.81  886.79  589.24  233.65  616.05  780.65  1099.76 881.91  944.86  1071.37 1061.54 557.56  654.94  711.94  519.31  480.78  1034.12 725.91  979.57  617.63  1213.97 1070.16 671.16  491.62  514.7   476.31  530.1   503.91  492.85  515.19  493.63  1146.27 1191.92 1191.92 1175.05 1175.05 1087.22 1081.01 1081.01 1041.79 957.38  704.16  524.51  1788.16 1050.62 1068.06 671.43  451.07  390.09  712.84  879.11  1210.94 436.66  0.0