        1       2       3       4       5       6       7       8       9       10      11      12      13      14      15      16      17      18      19      20      21      22      23      24      25      26      27      28      29      30      31      32
1       0.0     617.63  1213.97 1070.16 671.16  491.62  514.7   476.31  530.1   503.91  492.85  563.04  886.79  780.65  1067.18 1175.05 1188.82 443.5   1043.18 443.29  1047.27 1788.16 1050.62 1068.06 671.43  451.07  390.09  712.84  879.11  1210.94 436.66  0.0
2       570.66  0.0     1784.63 1640.82 53.53   231.29  389.75  169.22  311.84  285.63  274.59  1133.7  269.18  1351.31 1637.84 1745.68 1759.48 1014.16 1613.84 1013.95 1617.93 2358.82 1621.28 1638.72 1129.71 1021.73 694.09  815.96  261.48  1781.6  1007.32 570.66
3       1322.36 1746.35 0.0     332.38  1799.88 1620.38 1643.5  1605.03 1658.82 1632.63 1621.48 702.03  2015.53 925.82  229.54  68.17   439.27  1166.46 293.63  1166.25 209.63  1038.61 704.98  324.92  1394.39 855.8   1352.12 1586.83 2007.83 281.29  1095.7  1322.36
4       1226.41 1650.46 422.03  0.0     1703.99 1524.49 1547.61 1509.14 1562.93 1536.74 1525.68 637.65  1919.64 861.44  418.13  383.11  539.77  1102.08 394.13  1101.87 398.22  1139.11 372.63  419.01  1330.01 791.42  1287.74 1522.45 1911.94 616.02  939.92  1226.41
5       585.54  357.32  1799.57 1655.76 0.0     246.23  404.69  184.16  326.78  300.59  289.53  1148.64 267.81  1366.25 1652.78 1760.65 1774.42 1029.1  1628.78 1028.89 1632.87 2373.76 1636.22 1653.66 1144.65 1036.67 709.03  830.9   255.22  1796.54 1022.26 585.54
6       414.62  190.96  1628.65 1484.84 244.49  0.0     233.77  49.64   155.86  129.67  118.55  977.72  460.14  1195.33 1481.86 1589.73 1603.5  858.18  1457.86 857.97  1461.95 2202.82 1465.3  1482.74 973.73  865.75  538.11  659.98  452.36  1625.62 851.34  414.62
7       398.08  309.74  1612.11 1468.3  363.27  183.73  0.0     168.42  222.21  196.02  184.96  961.18  578.88  1178.79 1465.32 1573.19 1586.96 841.64  1441.32 841.43  1445.41 2186.3  1448.76 1466.2  957.19  849.21  521.57  643.44  571.22  1609.08 834.7   398.08
8       425.49  175.67  1639.46 1495.65 229.2   86.12   244.58  0.0     166.67  140.48  129.42  988.53  444.85  1206.14 1492.67 1600.54 1614.31 868.99  1468.67 868.78  1472.76 2213.65 1476.09 1493.55 984.54  876.56  548.92  670.79  437.15  1636.43 862.15  425.49
9       368.68  207.75  1582.71 1438.9  261.28  81.78   187.83  66.43   0.0     84.37   73.31   931.78  476.93  1149.39 1435.92 1543.79 1557.56 812.24  1411.92 812.03  1416.0  2156.9  1419.36 1436.8  927.79  819.79  492.17  614.04  469.23  1579.68 805.4   368.68
10      394.93  233.94  1608.9  1465.08 287.38  107.97  214.02  92.62   26.19   0       99.5    957.97  503.12  1175.58 1462.01 1569.98 1583.75 838.43  1438.11 838.22  1442.2  2183.09 1445.55 1462.99 953.98  846     518.36  640.23  495.39  1605.87 831.57  394.93
11      405.99  245.0   1619.96 1476.15 298.53  119.03  225.08  103.68  37.25   11.06   0       969.03  514.08  1186.64 1473.17 1581.04 1594.81 849.49  1449.17 849.28  1453.24 2194.15 1456.61 1474.05 965.04  857.06  529.42  651.29  506.48  1616.93 842.65  405.99
12      1129.35 1553.34 650.93  507.12  1606.87 1427.37 1450.49 1412.02 1465.81 1439.62 1428.56 0       1822.52 732.81  925.22  612.01  1046.86 973.45  901.22  973.24  905.31  1628.77 879.65  926.1   1201.38 662.79  1159.11 1393.82 1814.82 647.89  902.69  1129.35
13      767.26  539.07  1981.32 1837.51 244.38  427.98  586.44  365.84  508.53  482.34  471.28  1330.39 0.0     1548.0  1834.53 1942.4  1956.17 1210.85 1810.53 1210.64 1814.62 2555.51 1817.97 1835.41 1326.4  1218.42 890.78  1012.58 429.34  1978.21 1204.01 767.26
14      899.72  1323.71 945.77  801.96  1377.22 1197.74 1220.86 1182.39 1236.17 1209.99 1198.93 294.83  1592.89 0.0     1209.21 906.85  1330.85 743.82  1185.12 743.61  1189.3  1923.61 1192.65 1210.04 971.71  433.16  929.48  1164.19 1585.19 942.74  673.06  899.72
15      1264.95 1688.94 152.98  485.36  1742.47 1562.97 1586.05 1547.62 1601.41 1575.13 1564.16 854.92  1958.12 1078.81 0.0     221.15  326.63  1319.44 180.99  1319.23 96.99   925.97  450.3   212.28  1547.37 1008.78 1461.4  1739.81 1950.42 434.27  978.4   1264.95
16      1318.5  1742.49 38.92   328.52  1796.02 1616.52 1639.57 1601.17 1654.96 1628.77 1617.71 698.17  2011.64 921.96  229.58  0       439.31  1162.6  293.67  1162.39 209.67  1038.65 562.98  324.9   1390.53 851.94  1348.26 1582.97 2003.97 277.43  1091.84 1318.5
17      1322.25 1746.24 425.63  563.4   1799.77 1620.27 1643.39 1604.92 1658.67 1632.52 1621.38 1138.63 2015.42 1346.97 272.64  493.81  0.0     1447.38 170.77  1447.17 252.74  734.36  507.6   263.92  1675.31 1136.28 1518.7  1829.38 2007.72 706.92  1035.7  1322.25
18      603.65  961.89  1263.93 1120.12 1015.46 835.96  859.08  820.61  874.4   848.21  837.15  613     1231.11 830.61  1397.84 1224.98 1519.48 0.0     1373.84 123.73  1377.93 2118.82 1381.28 1398.72 227.93  500.98  539.97  502.11  1079.34 1260.84 767.32  603.65
19      1151.57 1575.47 254.95  392.72  1629.09 1449.59 1472.63 1434.24 1488.03 1461.81 1450.78 967.95  1844.74 1176.29 101.97  323.08  208.65  1276.7  0.0     1276.49 82.06   807.99  336.92  93.24   1504.58 965.6   1348.02 1658.7  1837.04 536.24  865.02  1151.57
20      880.97  1304.96 1085.1  941.29  1358.49 1178.99 1202.11 1163.64 1217.43 1191.24 1180.18 434.17  1574.14 656.23  1347.86 1046.11 1469.5  372.11  1323.86 0.0     1327.95 1841.05 1331.3  1348.74 600.04  571.81  909.44  874.15  1566.44 1082.07 811.71  880.97
21      1284.86 1708.85 172.89  505.27  1762.38 1582.88 1606.0  1567.53 1621.32 1595.13 1584.07 874.92  1978.03 1098.71 19.91   241.07  346.54  1339.35 200.9   1339.14 0.0     945.88  470.21  232.19  1567.28 1028.69 1481.31 1759.72 1970.33 454.18  998.31  1284.86
22      2171.34 2595.38 1274.77 1412.54 2648.91 2469.41 2492.53 2454.06 2507.85 2481.66 2470.6  1917.52 2864.56 2141.31 1121.79 1601.94 993.15  2296.52 1019.91 2296.31 1101.88 0       1356.74 1113.06 2524.45 1985.42 2367.84 2678.52 2856.86 1637.92 1884.84 2171.34
23      1207.93 1631.92 508.05  178.71  1685.45 1505.95 1529.07 1490.6  1544.39 1518.2  1507.14 723.67  1901.1  947.46  399.59  469.13  521.23  1188.1  375.59  1187.89 379.68  1120.54 0       400.47  1416.03 877.44  1404.38 1608.47 1893.43 702.04  921.43  1207.93
24      1217.4  1641.37 327.27  458.58  1694.95 1515.45 1538.52 1500.1  1553.89 1527.7  1516.64 1033.81 1910.6  1242.15 174.29  395.45  290.2   1342.56 144.56  1342.35 154.31  889.54  402.78  0       1570.49 1031.46 1413.88 1724.49 1902.9  608.56  930.88  1217.4
25      708.69  1066.94 1367.56 1223.75 1120.5  940.96  964.12  925.65  979.44  953.16  942.19  716.63  1336.15 934.24  1501.47 1328.64 1623.11 245.81  1477.47 227.36  1481.56 2222.45 1484.91 1502.35 0       604.66  645.01  607.17  1184.29 1364.53 870.95  708.69
26      561.45  985.44  849.51  705.62  1038.97 859.47  882.59  844.12  897.91  871.72  860.66  198.5   1254.62 416.11  982.92  810.53  1104.47 405.55  958.83  405.43  962.92  1703.81 966.27  983.71  633.5   0       591.21  825.92  1246.97 846.4   446.68  561.45
27      346.09  704.41  1350.43 1206.62 757.85  578.44  601.54  563.09  616.88  590.69  579.63  699.5   973.59  917.11  1413.31 1311.51 1534.95 578.71  1389.31 578.5   1393.4  2134.29 1396.75 1414.19 589.83  587.53  0       554.71  965.89  1347.4  782.79  346.09
28      1078.05 1217.44 2037.86 1894.05 917.86  1106.35 1135.3  1044.28 1186.9  1160.67 1149.65 1386.83 1077.31 1604.54 2133.22 1998.88 2254.86 1266.14 2109.22 1265.93 2113.31 2854.2  2116.58 2134.1  959.75  1274.96 1014.37 0       710.79  2034.83 1502.7  1078.05
29      780.51  552.32  1994.57 1850.76 252.74  441.23  599.67  379.16  521.78  495.59  484.47  1343.64 441.9   1561.25 1847.78 1955.65 1969.42 1224.1  1823.78 1223.89 1827.87 2568.75 1831.22 1848.66 1156.91 1231.67 904.03  879.88  0       1991.54 1217.26 780.51
30      1222.87 1646.9  174.54  429.93  1700.39 1520.89 1544.01 1505.54 1559.33 1533.14 1522.08 602.54  1916.04 826.38  365.2   135.62  574.93  1066.97 429.25  1066.76 345.29  1314.11 802.53  460.58  1294.9  756.31  1252.63 1487.38 1908.34 0       996.21  1222.87
31      491.64  915.63  1055.61 885.19  969.16  789.74  812.79  774.38  828.16  801.98  790.87  404.61  1184.71 622.22  846.0   1016.62 967.61  616.81  821.94  616.56  826.07  1566.92 829.38  846.82  844.7   402.19  688.09  998.77  1177.11 1052.55 0       491.64
32      0.0     617.63  1213.97 1070.16 671.16  491.62  514.7   476.31  530.1   503.91  492.85  563.04  886.79  780.65  1067.18 1175.05 1188.82 443.5   1043.18 443.29  1047.27 1788.16 1050.62 1068.06 671.43  451.07  390.09  712.84  879.11  1210.94 436.66  0.0