        1       2       3       4       5       6       7       8       9       10      11      12      13      14      15      16      17      18      19      20      21      22      23      24      25      26      27      28      29      30      31      32      33      34      35      36      37      38      39      40      41      42      43      44      45      46      47      48      49      50      51      52      53      54      55      56      57      58      59      60      61      62      63      64      65      66      67      68      69      70      71      72
1       0.0     1007.45 1259.68 1047.27 1023.17 1166.93 1188.82 1194.58 1033.55 1173.3  1043.18 1053.23 956.31  810.13  814.53  787.75  767.99  649.86  620.81  886.79  589.24  233.65  616.05  780.65  1099.76 881.91  944.86  1071.37 1061.54 557.56  654.94  1175.05 950.71  1191.92 966.28  1081.01 430.34  530.1   979.31  1018.96 532.93  945.7   1213.97 292.2   1081.01 1067.18 503.91  998.36  443.5   1034.12 906.33  1318.23 671.16  636.57  475.04  979.57  519.31  1041.79 548.77  1146.27 567.93  1788.16 1050.62 1068.06 671.43  451.07  390.09  712.84  879.11  1210.94 436.66  0.0
2       1093.78 0.0     367.75  155.28  131.24  275.0   296.89  302.65  141.62  281.37  151.25  161.3   69.09   1710.27 1714.67 1687.89 1105.84 1550    1520.95 1786.95 1489.38 1133.79 953.9   1118.5  498.34  1769.98 1832.93 1959.47 1949.61 1445.63 1543.01 396.41  179.27  345.06  174.08  345.78  1205.75 1430.24 1867.38 247.47  1433.07 1845.84 328.23  677.66  345.78  175.25  1404.05 421.86  1218.91 1934.26 575.25  426.3   1571.3  1536.71 1363.11 905.98  1419.45 1929.86 1448.91 374.78  1343.34 896.23  279.13  176.13  1446.84 907.8   1290.23 1600.91 1779.25 609.52  807.23  1093.78
3       1598.31 504.5   0.0     528.72  489.74  398.18  420.07  425.83  437.2   404.55  446.83  456.88  573.62  2214.8  2219.2  2192.42 1557.56 2054.53 2025.48 2291.48 1993.91 1638.32 1405.62 1570.22 955.57  2274.51 2337.46 2464.01 2454.14 1950.16 2047.52 1030.94 683.74  718.52  678.61  850.31  1710.28 1934.7  2371.91 752.0   1937.6  2350.32 701.69  1182.19 850.31  548.71  1908.58 926.39  1723.44 2438.79 1026.97 525.25  2075.79 2041.24 1867.64 1246.48 1923.98 2434.39 1953.44 879.31  1847.87 528.48  783.66  540.06  1951.37 1412.34 1794.76 2105.44 2283.78 1066.83 1311.76 1598.31
4       1284.86 191.08  417.4   0.0     180.89  324.65  346.54  352.3   191.27  331.02  200.9   210.95  260.17  1901.35 1905.75 1878.97 1086.05 1723.34 1694.29 1978.03 1662.72 1324.87 934.11  1098.71 343.0   1928.79 1991.74 2118.32 2108.42 1604.37 1701.82 241.07  370.35  189.72  365.16  516.12  1262.71 1621.32 2026.19 438.55  1624.15 2036.85 172.89  868.74  516.12  19.91   1595.13 433.47  1339.35 2125.34 555.46  475.92  1762.38 1710.05 1521.92 879.06  1532.0  2088.67 1561.46 565.86  1463.78 945.88  470.21  232.19  1567.28 1028.69 1481.31 1759.72 1970.33 454.18  998.31  1284.86
5       1171.49 77.71   236.51  101.98  0.0     143.76  165.65  171.41  10.38   150.13  20.01   30.05   146.8   1787.98 1792.38 1765.6  1183.55 1627.67 1598.66 1864.66 1567.09 1211.5  1031.61 1196.21 444.98  1847.69 1910.64 2037.18 2027.24 1523.34 1620.72 343.05  256.98  291.7   251.79  423.44  1283.46 1507.95 1945.09 325.18  1510.78 1923.55 274.87  755.37  423.44  121.88  1481.76 499.57  1296.62 2011.97 652.96  295.06  1649.01 1614.42 1440.82 983.69  1497.16 2007.57 1526.62 452.49  1421.05 764.99  356.84  113.24  1524.55 985.52  1367.94 1678.62 1856.96 556.12  884.94  1171.49
6       1297.23 203.45  180.8   227.72  188.66  0.0     64.43   70.19   136.12  6.37    145.65  155.8   272.54  1913.72 1918.12 1891.34 1309.29 1753.45 1724.4  1990.38 1692.83 1337.24 1157.35 1321.95 570.72  1973.43 2036.38 2162.96 2153.06 1649.08 1746.46 468.79  382.72  417.44  377.53  549.23  1409.2  1633.69 2070.83 450.92  1636.52 2049.21 400.61  881.11  549.23  247.63  1607.5  625.31  1422.36 2137.71 778.7   243.03  1774.75 1740.16 1566.56 1109.38 1622.9  2133.31 1652.36 578.23  1546.79 709.34  482.58  238.98  1650.29 1111.26 1493.68 1804.36 1982.7  681.9   1010.68 1297.23
7       1322.25 228.47  205.88  252.74  213.68  24.96   0.0     5.76    161.14  31.39   170.77  180.82  297.56  1938.74 1943.14 1916.36 1334.31 1778.47 1749.42 2015.42 1717.85 1362.26 1182.37 1346.97 595.74  1998.45 2061.4  2187.98 2178.08 1674.1  1771.48 493.81  407.67  442.46  402.55  574.25  1434.13 1658.67 2095.85 475.94  1661.54 2074.23 425.63  906.13  574.25  272.64  1632.52 650.33  1447.38 2162.73 803.72  268.05  1799.77 1765.18 1591.58 1134.45 1647.92 2158.33 1677.38 603.16  1571.81 734.36  507.6   263.92  1675.31 1136.28 1518.7  1829.38 2007.72 706.92  1035.7  1322.25
8       1316.49 222.62  200.12  246.98  207.92  19.26   27.12   0.0     155.38  25.63   165.01  175.06  291.8   1932.98 1937.38 1910.6  1328.55 1772.71 1743.66 2009.66 1712.09 1356.5  1176.61 1341.21 589.98  1992.69 2055.64 2182.22 2172.32 1668.34 1765.72 488.01  401.89  436.7   396.79  568.49  1428.37 1652.86 2090.09 470.18  1655.78 2068.55 419.87  900.37  568.49  266.89  1626.71 644.57  1441.62 2156.97 797.96  262.29  1793.91 1759.42 1585.82 1128.69 1642.16 2152.57 1671.62 597.49  1566.05 728.6   501.84  258.24  1669.55 1130.52 1512.94 1823.62 2001.96 701.16  1029.94 1316.49
9       1161.11 67.33   289.05  91.6    52.45   196.26  218.19  223.95  0.0     202.67  9.63    19.68   136.42  1777.6  1782.0  1755.22 1173.17 1617.33 1588.28 1854.28 1556.71 1201.12 1021.23 1185.74 434.6   1837.31 1900.26 2026.84 2016.94 1512.96 1610.34 332.67  246.6   281.32  241.41  413.11  1273.08 1497.57 1934.71 314.8   1500.4  1913.17 264.39  744.99  413.11  111.51  1471.38 489.19  1286.24 2001.59 642.58  347.6   1638.63 1604.04 1430.44 973.31  1486.78 1997.19 1516.24 442.11  1410.67 817.53  346.41  102.86  1514.17 975.14  1357.56 1668.24 1846.58 545.78  874.56  1161.11
10      1290.86 197.08  174.49  221.35  182.28  36.17   58.06   63.82   129.75  0.0     139.38  149.34  266.17  1907.35 1911.75 1884.97 1302.92 1747.08 1718.03 1984.03 1686.36 1330.87 1150.98 1315.58 564.35  1967.06 2030.01 2156.59 2146.69 1642.71 1740.09 462.33  376.35  411.07  371.16  542.86  1402.74 1627.32 2064.46 444.55  1630.15 2042.92 394.24  874.74  542.86  241.26  1601.13 618.94  1415.99 2131.34 772.33  236.66  1768.3  1733.79 1560.19 1103.06 1616.53 2126.94 1645.99 571.86  1540.42 702.89  476.13  232.61  1643.92 1104.89 1487.31 1797.99 1976.33 675.5   1004.31 1290.86
11      1151.57 57.79   279.51  82.06   43.0    186.76  208.65  214.41  53.38   193.13  0.0     10.14   126.88  1768.06 1772.46 1745.68 1163.63 1607.79 1578.74 1844.74 1547.17 1191.58 1011.69 1176.29 425.06  1827.77 1890.72 2017.3  2007.4  1503.42 1600.8  323.08  237.05  271.78  231.87  403.5   1263.54 1488.03 1925.17 305.26  1490.86 1903.63 254.95  735.45  403.5   101.97  1461.81 479.65  1276.7  1992.05 633.04  338.06  1629.09 1594.5  1420.9  963.77  1477.21 1987.65 1506.7  432.57  1401.13 807.99  336.92  93.24   1504.58 965.6   1348.02 1658.7  1837.04 536.24  865.02  1151.57
12      1141.36 47.65   269.37  71.92   32.86   176.62  198.51  204.27  43.24   182.99  52.87   0.0     116.74  1757.92 1762.32 1735.52 1153.49 1597.65 1568.6  1834.6  1537.03 1181.44 1001.46 1166.15 414.92  1817.63 1880.58 2007.12 1997.26 1493.28 1590.66 312.99  226.92  261.64  221.73  393.39  1253.4  1477.89 1915.03 295.12  1480.72 1893.49 244.81  725.31  393.39  91.83   1451.7  469.51  1266.56 1981.91 622.9   327.92  1618.95 1584.36 1410.76 953.58  1467.1  1977.51 1496.49 422.43  1390.99 797.85  326.78  83.18   1494.49 955.46  1337.88 1648.56 1826.9  526.1   854.88  1141.36
13      1024.69 139.51  391.74  179.32  155.23  298.99  320.88  326.59  165.61  305.36  175.24  185.29  0.0     1641.18 1645.58 1618.8  1036.75 1480.9  1451.86 1717.86 1420.26 1064.7  884.81  1049.41 692.81  1700.89 1763.78 1890.42 1880.52 1376.54 1473.92 420.39  110.09  369.05  104.9   276.69  1136.66 1361.15 1798.29 178.38  1363.98 1776.75 352.22  608.57  276.69  199.2   1334.96 352.77  1149.82 1865.17 506.16  450.29  1502.21 1467.62 1293.97 836.89  1350.36 1860.77 1379.82 305.69  1274.25 920.22  210.04  200.12  1377.75 838.72  1221.14 1531.77 1710.16 803.99  738.14  1024.69
14      701.91  1709.34 1961.66 1749.25 1725.15 1868.81 1890.8  1896.56 1735.53 1875.28 1745.16 1755.21 1658.29 0.0     128.24  101.46  1469.97 767.99  738.94  300.73  707.37  668.97  1318.03 1482.63 1801.74 688.86  751.81  468.5   610.83  792.0   889.35  1877.03 1652.74 1893.9  1668.26 1782.99 1132.32 443.16  527.86  1720.94 539.22  315.22  1915.95 994.22  1782.99 1769.16 416.97  1700.34 1145.48 375.33  1608.31 2020.21 179.03  754.7   723.89  1681.55 1032.38 475.31  1061.84 1848.25 1159.88 2490.14 1752.6  1770.02 1261.03 1153.05 825.41  947.28  252.51  1912.92 1138.64 701.91
15      715.96  1723.5  1975.73 1763.32 1739.22 1882.98 1904.87 1910.63 1749.6  1889.35 1759.23 1769.28 1672.31 148.24  0.0     30.86   1484.04 782.06  753     314.8   721.44  683.04  1332.1  1496.7  1815.81 712.35  775.3   491.99  634.32  806.07  903.45  1891.1  1666.78 1907.97 1682.33 1797.06 1146.39 457.23  551.35  1735.01 553.29  338.74  1930.02 1008.29 1797.06 1783.23 431.04  1714.41 1159.55 398.82  1622.33 2034.28 193.1   768.77  737.87  1695.58 1046.45 498.8   1075.91 1862.32 1173.95 2504.21 1766.67 1784.11 1275.1  1167.12 839.48  961.35  275.91  1926.99 1152.64 715.96
16      685.11  1692.64 1944.87 1732.46 1708.36 1852.12 1874.01 1879.77 1718.74 1858.49 1728.37 1738.42 1641.46 117.38  106.86  0.0     1453.18 751.2   722.15  283.94  690.58  652.18  1301.24 1465.84 1784.95 681.49  744.44  461.13  603.46  775.21  872.59  1860.24 1635.95 1877.11 1651.47 1766.2  1115.53 426.36  520.49  1704.15 522.43  307.88  1899.16 977.43  1766.2  1752.37 400.18  1683.47 1128.69 367.96  1591.52 2003.42 162.24  737.91  707.01  1664.76 1015.59 467.94  1045.05 1831.46 1143.03 2473.35 1735.81 1753.25 1244.24 1136.26 808.62  930.49  245.14  1896.13 1121.85 685.11
17      912.38  1162.14 1414.37 1201.96 1177.86 1321.62 1343.51 1349.27 1188.24 1327.99 1197.87 1207.92 1111.0  1528.87 1533.27 1506.4  0.0     1140.47 1111.42 1605.55 1079.8  863.64  229.0   12.66   844.22  1345.92 1408.87 1535.45 1525.55 1021.52 1118.95 919.51  978.58  936.38  1120.97 825.47  684.54  1248.84 1443.32 898.28  1251.67 1657.99 958.43  556.15  825.47  1221.87 1222.65 742.82  756.48  1703.9  650.79  1472.92 1389.9  1127.18 939.05  738.34  949.13  1505.8  978.59  849.98  880.91  1936.27 1205.31 1222.75 984.41  445.82  942.08  1176.83 1597.85 955.4   685.72  912.38
18      621.44  1628.82 1881.12 1668.66 1644.61 1788.37 1810.26 1816.02 1654.99 1794.68 1664.62 1674.59 1577.68 857.92  862.32  835.54  1162.64 0       175.66  934.6   144.16  506.63  1010.7  1175.3  1494.41 701.18  764.13  890.71  880.81  376.88  474.21  1569.7  1628.78 1586.57 1587.72 1475.66 823.74  577.89  798.58  1548.47 580.72  993.49  1608.62 913.68  1475.66 1688.62 551.7   1393.09 836.9   1081.91 1300.98 1939.67 718.86  193.35  308.67  1374.19 617.21  861.06  646.67  1500.17 744.71  2409.69 1672.16 1689.5  845.9   845.72  585.12  532.11  926.9   1605.59 1058.1  621.44
19      650.49  1657.94 1910.17 1697.84 1673.66 1817.41 1839.31 1845.07 1684.04 1823.8  1693.67 1703.72 1606.8  886.97  891.37  864.59  1191.69 29.05   0       963.65  173.18  535.68  1039.75 1204.35 1523.46 730.23  793.18  919.76  909.82  405.88  503.26  1598.75 1657.84 1615.66 1616.77 1504.71 852.79  606.94  827.63  1577.52 609.77  1022.54 1637.67 942.73  1504.71 1717.67 580.75  1422.06 865.95  1110.96 1330.03 1968.72 748.0   222.4   337.71  1403.21 646.26  890.11  675.72  1529.22 773.71  2438.65 1701.11 1718.55 874.91  874.77  614.18  561.16  955.95  1634.64 1087.06 650.49
20      767.26  1774.8  2027.03 1814.62 1790.52 1934.28 1956.17 1961.93 1800.9  1940.65 1810.53 1820.58 1723.66 299.73  304.13  277.3   1535.34 833.36  804.31  0.0     772.64  734.34  1383.4  1548.0  1867.11 863.84  926.79  652.53  785.77  857.31  954.75  1942.4  1718.11 1959.27 1733.6  1848.36 1197.69 508.53  702.84  1786.31 604.59  490.23  1981.32 1059.59 1848.36 1834.53 482.34  1765.71 1210.85 550.31  1673.68 2085.56 244.38  820.07  789.18  1746.92 1097.65 659.34  1127.21 1913.54 1225.25 2555.51 1817.97 1835.41 1326.4  1218.42 890.78  1012.58 429.34  1978.21 1204.01 767.26
21      682.06  1689.51 1941.74 1729.33 1705.23 1848.99 1870.88 1876.64 1715.61 1855.36 1725.24 1735.29 1638.37 918.54  922.94  896.16  1223.26 60.55   31.57   995.22  0.0     567.25  1071.32 1235.92 1555.03 761.8   824.75  951.33  941.36  437.45  534.83  1630.32 1689.41 1647.19 1648.34 1536.28 884.36  638.51  859.2   1609.09 641.34  1054.11 1669.24 974.3   1536.28 1749.24 612.32  1453.63 897.52  1142.53 1361.6  2000.29 779.57  253.97  369.34  1434.82 677.83  921.68  707.29  1560.79 805.33  2470.22 1732.68 1750.12 906.48  906.31  645.75  592.73  987.46  1666.21 1118.72 682.06
22      215.52  1222.97 1475.2  1262.79 1238.69 1382.41 1404.34 1410.1  1249.07 1388.82 1258.7  1268.68 1171.79 766.3   770.7   743.92  828.93  442.81  413.76  842.98  382.19  0.0     676.99  841.59  1160.7  648.26  711.21  837.72  827.89  323.87  421.27  1235.99 1166.28 1252.86 1181.8  1141.95 490.03  486.27  745.66  1214.76 489.1   960.33  1274.91 507.76  1141.95 1282.7  460.08  1059.3  503.19  1006.24 967.27  1533.75 627.33  429.52  241.39  1040.51 285.66  808.14  315.12  1166.46 413.16  2003.68 1266.14 1283.58 514.31  512.01  156.44  479.19  835.28  1271.87 652.18  215.52
23      683.32  933.08  1185.31 972.9   948.76  1092.56 1114.45 1120.21 959.18  1098.93 968.81  978.84  881.94  1299.81 1304.21 1277.43 236.34  911.41  882.36  1376.49 850.79  634.58  0.0     249.0   615.16  1116.86 1179.81 1306.36 1296.49 792.51  889.89  690.45  749.54  707.32  891.91  596.41  455.48  1019.78 1214.26 669.22  1022.61 1428.93 729.37  327.01  596.41  992.81  993.59  513.76  527.42  1474.84 421.73  1243.86 1160.84 898.12  709.99  509.28  720.07  1276.74 749.53  620.92  651.85  1707.21 976.15  993.69  755.35  216.76  713.08  947.79  1368.79 726.34  456.66  683.32
24      899.72  1149.48 1401.65 1189.3  1165.2  1308.96 1330.85 1336.61 1175.58 1315.33 1185.12 1195.26 1098.34 1516.11 1520.61 1493.83 56.62   1127.81 1098.76 1592.89 1067.19 850.98  216.4   0.0     831.56  1333.26 1396.21 1522.79 1512.89 1008.91 1106.29 906.85  965.94  923.72  1108.31 812.81  671.88  1236.17 1430.66 885.62  1239.01 1645.33 945.77  543.49  812.81  1209.21 1209.99 730.16  743.82  1691.24 638.13  1460.18 1377.22 1114.52 926.39  725.68  936.47  1493.14 965.93  837.32  868.2   1923.61 1192.65 1210.04 971.71  433.16  929.48  1164.19 1585.19 942.74  673.06  899.72
25      1334.05 530.65  756.97  456.47  520.46  664.22  686.06  691.87  530.84  670.59  540.47  550.52  599.74  1950.54 1954.94 1928.16 924.85  1562.14 1533.09 2027.22 1501.52 1285.31 772.91  937.51  0.0     1767.59 1830.54 1957.1  1947.22 1443.24 1540.62 246.8   705.09  263.67  862.57  551.96  1101.51 1670.51 1864.99 624.77  1673.34 2079.66 285.72  977.75  551.96  476.38  1644.32 469.31  1178.15 2125.57 394.26  815.52  1811.57 1548.85 1360.72 717.86  1370.8  1927.47 1400.2  576.47  1302.58 1425.29 913.71  571.68  1406.08 867.49  1363.81 1598.52 2019.52 111.18  1107.39 1334.05
26      888.13  1883.57 2135.8  1923.39 1899.29 2043.05 2064.94 2070.7  1909.67 2049.42 1919.3  1929.35 1832.43 584.06  712.3   685.52  1401.96 745.94  716.89  884.79  685.32  745.91  1249.98 1414.62 1733.64 0.0     222.75  299.64  289.76  459.55  571.52  1809.02 1868.11 1825.89 1842.4  1714.98 1063.06 994.38  207.53  1787.79 963.53  422.2   1847.94 1168.36 1714.98 1943.3  968.19  1632.33 1076.22 468.02  1540.3  2194.35 725.34  732.65  548.04  1613.54 600.9   270.01  570.64  1739.49 668.68  2664.28 1926.66 1944.18 769.83  1085.04 824.44  492.8   518.2   1844.91 1312.78 888.13
27      969.81  1965.25 2217.48 2005.07 1980.97 2124.73 2146.62 2152.38 1991.35 2131.1  2000.97 2011.03 1914.11 665.74  793.98  767.2   1483.64 827.62  798.57  966.47  767.0   827.63  1331.62 1496.3  1815.4  81.6    0.0     381.25  371.44  541.23  653.2   1890.66 1949.79 1907.57 1924.08 1796.66 1144.68 1076.06 289.21  1869.47 1045.21 503.88  1929.62 1250.04 1796.66 2024.98 1049.87 1714    1157.9  549.79  1621.98 2276.03 807.02  814.33  629.72  1695.16 682.58  351.69  652.32  1821.17 750.36  2745.95 2008.42 2025.86 851.51  1166.65 906.13  574.48  599.92  1926.59 1394.43 969.81
28      953.47  1960.94 2213.22 2000.81 1976.71 2120.47 2142.36 2148.12 1987.09 2126.84 1996.72 2006.77 1909.85 303.08  431.32  404.54  1747.31 1019.55 990.5   603.81  958.93  920.53  1595.37 1759.97 2079.08 507.45  570.4   0.0     429.42  804.9   916.87  2154.34 1904.3  2171.24 1919.82 2060.33 1408.41 694.68  346.45  1972.5  790.78  122.54  2193.29 1245.78 2060.33 2020.72 668.53  1977.68 1421.57 193.92  1885.65 2271.77 425.68  1006.26 893.39  1958.89 946.25  263.47  915.99  2084.84 1013.93 2741.7  2004.16 2021.6  1115.18 1430.29 1076.97 838.15  218.56  2190.26 1390.2  953.47
29      962.27  1969.79 2222.02 2009.61 1985.51 2129.27 2151.16 2156.92 1995.89 2135.64 2005.52 2015.57 1918.65 294.3   422.54  395.76  1731.74 1028.35 999.3   595.03  967.73  929.27  1579.74 1744.4  2063.51 491.88  554.83  280.74  0.0     789.33  901.28  2138.71 1913.1  2155.67 1928.62 2044.76 1392.84 703.52  330.88  1981.3  799.58  131.34  2177.72 1254.58 2044.76 2029.43 677.33  1962.11 1406.0  178.35  1870.08 2280.57 434.48  1015.06 877.82  1943.32 930.68  287.55  900.42  2069.27 998.46  2750.5  2012.96 2030.4  1099.61 1414.82 1085.77 822.58  227.36  2174.69 1398.96 962.27
30      654.15  1649.59 1901.82 1689.41 1665.31 1809.07 1830.96 1836.72 1675.69 1815.44 1685.32 1695.37 1598.45 820.38  948.62  921.84  1167.94 511.89  482.91  1083.43 451.34  511.87  1016.04 1180.64 1499.75 346.45  409.4   535.98  526.08  0.0     337.54  1575.02 1634.13 1591.91 1608.42 1481    829.08  726.72  443.85  1553.81 729.55  658.52  1613.96 934.37  1481    1709.28 700.53  1398.29 842.24  704.43  1306.23 1960.37 867.78  498.67  314.06  1379.56 366.92  506.33  336.66  1505.51 434.7   2430.3  1692.76 1710.2  535.85  851.06  590.47  177.38  754.59  1610.93 1078.8  654.15
31      591.9   1587.34 1839.57 1627.16 1603.06 1746.8  1768.71 1774.47 1613.44 1753.19 1623.07 1633.12 1536.2  944.5   948.9   922.12  1105.73 449.63  420.66  1021.18 389.09  449.72  953.79  1118.39 1437.5  483.4   546.35  672.93  663.03  159.05  0.0     1512.76 1571.88 1529.66 1546.17 1418.75 766.83  664.47  580.8   1491.56 667.3   795.47  1551.71 872.13  1418.75 1647.07 638.28  1336.1  779.99  841.38  1244.07 1898.12 805.53  436.42  251.81  1317.31 560.3   643.28  589.76  1443.26 687.8   2368.05 1630.51 1647.95 788.95  788.81  528.22  314.33  891.54  1548.68 1016.55 591.9
32      1318.5  283.84  510.17  209.67  273.66  417.42  439.31  445.07  284.04  423.79  293.67  303.72  352.94  1934.99 1939.39 1912.61 909.3   1546.59 1517.54 2011.64 1485.9  1269.76 757.33  921.96  166.25  1752.04 1814.99 1941.57 1931.67 1427.69 1525.05 0       492.5   16.87   457.93  339.37  1085.96 1654.96 1849.44 412.18  1657.79 2064.11 38.92   962.27  339.37  229.58  1628.77 256.71  1162.6  2110.02 378.71  568.72  1796.02 1533.21 1345.17 702.31  1355.25 1911.92 1384.66 363.88  1287.03 1038.65 562.98  324.9   1390.53 851.94  1348.26 1582.97 2003.97 277.43  1091.84 1318.5
33      1062.43 194.39  446.62  234.21  210.11  353.87  375.76  381.52  220.49  360.24  230.11  240.15  143.16  1678.95 1683.35 1656.57 1061.31 1518.68 1489.63 1755.63 1458.06 1102.47 909.33  1073.97 717.37  1738.66 1801.61 1928.19 1918.29 1414.31 1511.69 475.28  0.0     423.93  157.43  301.25  1174.43 1398.92 1836.06 202.94  1401.75 1814.45 407.1   646.34  301.25  254.12  1372.73 377.33  1187.59 1902.94 530.72  505.17  1539.98 1505.39 1331.79 861.45  1388.13 1898.54 1417.59 330.25  1312.02 975.1   208.53  255     1415.52 876.4   1258.91 1569.59 1747.93 828.55  775.91  1062.43
34      1344.41 266.98  493.3   192.8   256.79  400.55  422.44  428.13  267.17  406.92  276.76  286.85  336.07  1960.9  1965.3  1938.52 935.21  1572.5  1543.45 2037.58 1511.88 1295.67 783.27  947.87  192.16  1777.95 1840.9  1967.48 1957.58 1453.6  1550.98 90.23   518.41  0       441.06  365.28  1111.87 1680.87 1875.35 438.09  1683.7  2090.02 22.05   988.18  365.28  212.71  1654.68 282.63  1188.51 2135.93 404.62  551.83  1821.93 1559.21 1371.08 728.22  1381.16 1937.83 1410.62 389.79  1312.94 1021.78 546.11  308.09  1416.44 877.85  1374.17 1608.88 2029.88 303.34  1117.75 1344.41
35      1130.92 262.76  514.99  302.58  278.48  422.24  444.13  449.89  288.86  428.61  298.49  308.54  211.62  1747.41 1751.81 1725.03 1147.17 1587.06 1558.09 1824.09 1526.52 1170.93 995.23  1159.83 803.23  1807.12 1870.07 1996.65 1986.75 1482.77 1580.15 543.63  220.6   492.3   0.0     387.11  1242.89 1467.38 1904.52 288.8   1470.21 1882.96 475.47  714.8   387.11  322.49  1441.19 463.19  1256.05 1971.4  616.58  573.54  1608.44 1573.85 1400.15 947.27  1456.59 1967.0  1486.05 416.11  1380.48 1043.47 320.46  212.17  1483.98 944.95  1327.37 1638.05 1816.39 914.41  844.37  1130.92
36      1215.59 347.52  599.71  387.34  363.24  507.0   528.89  534.65  373.62  513.37  383.25  393.3   296.38  1832.08 1836.48 1809.7  837.9   1475.19 1446.14 1908.75 1414.57 1255.6  685.96  850.56  493.96  1680.64 1743.59 1870.17 1860.18 1356.25 1453.67 372.23  153.13  389.1   310.61  0       1014.56 1552.05 1778.04 72.72   1554.88 1967.65 411.15  799.41  0       407.25  1525.86 153.92  1091.2  2056.07 307.31  658.3   1693.06 1461.9  1273.77 638.04  1283.85 1840.52 1313.31 106.84  1215.63 1128.23 361.75  408.13  1319.13 780.54  1276.86 1511.57 1901.06 605.13  928.98  1215.59
37      521.64  1200.36 1452.62 1240.21 1216.11 1359.87 1381.76 1387.52 1226.46 1366.24 1236.12 1246.17 1149.25 1138.13 1142.53 1115.75 680.2   748.44  719.39  1214.81 687.82  471.61  528.29  692.89  1012.0  953.89  1016.83 1143.42 1133.45 629.54  726.92  1087.29 1146.38 1104.16 1159.22 993.25  0.0     858.1   1051.29 1066.06 860.93  1265.96 1126.21 485.11  993.25  1260.12 831.91  910.51  325.07  1311.87 818.57  1511.17 999.16  735.09  547.02  891.81  557.1   1113.77 586.56  1017.76 449.5   1981.1  1243.56 1261    553     363.31  550.06  784.82  1207.11 1123.18 629.6   521.64
38      368.68  1376.19 1628.42 1416.0  1391.91 1535.67 1557.56 1563.32 1402.29 1542.04 1411.92 1421.97 1325.05 400.25  404.65  377.87  1136.73 434.75  405.7   476.93  374.13  335.73  984.79  1149.39 1468.5  783.11  846.06  692.42  859.81  458.76  556.14  1543.79 1319.42 1560.66 1335.02 1449.75 799.08  0.0     776.77  1387.7  205.98  535.82  1582.71 660.98  1449.75 1435.92 84.37   1367.1  812.24  624.24  1275.07 1686.97 261.28  421.46  390.65  1348.31 699.1   699.23  728.6   1515.01 826.64  2156.9  1419.36 1436.8  927.79  819.79  492.17  614.04  469.23  1579.68 805.4   368.68
39      1045.59 2046.01 2298.26 2085.85 2061.75 2205.51 2227.4  2233.16 2072.13 2211.79 2081.76 2091.81 1994.89 395.21  523.45  496.58  1564.42 908.4   879.35  695.94  847.78  908.37  1412.48 1577.08 1896.19 324.56  387.51  92.13   264.32  622.01  733.98  1971.48 2030.57 1988.35 2004.79 1877.44 1225.52 786.85  0.0     1950.25 882.91  214.67  2010.4  1330.82 1877.44 2105.76 760.66  1794.79 1238.68 286.05  1702.76 2356.81 517.81  895.11  710.5   1776    763.36  62.48   733.1   1901.95 831.14  2826.74 2089.2  2106.64 932.29  1247.5  986.91  655.26  310.66  2007.37 1475.24 1045.59
40      1142.78 274.69  526.94  314.53  290.43  434.18  456.08  461.84  300.72  440.56  310.44  320.49  223.57  1759.27 1763.67 1736.89 888.05  1525.34 1496.22 1835.95 1464.68 1182.79 736.11  900.71  544.11  1730.79 1793.74 1920.32 1910.42 1406.44 1503.76 422.38  80.32   439.25  237.8   127.99  1064.71 1479.24 1828.19 0.0     1482.07 1894.84 487.42  726.66  127.99  334.44  1453.05 204.07  1141.35 1983.26 357.46  585.49  1620.3  1512.05 1323.92 688.11  1334.0  1890.67 1363.46 156.99  1265.78 1055.42 288.85  335.32  1369.28 830.69  1339.23 1561.72 1828.25 655.29  856.23  1142.78
41      504.95  1512.46 1764.69 1552.28 1528.18 1671.91 1693.8  1699.59 1538.56 1678.31 1548.19 1558.24 1461.32 609.11  613.51  586.73  1273.0  571.02  541.97  685.79  510.4   471.99  1121.06 1285.66 1604.7  919.38  982.33  901.28  1068.6  595.03  692.41  1680.06 1455.77 1696.93 1471.29 1586.02 935.35  329.08  985.63  1523.97 0.0     744.68  1718.98 797.25  1586.02 1572.19 302.89  1503.37 948.51  833.1   1411.34 1823.24 470.14  557.73  526.83  1484.58 835.41  908.09  864.87  1651.28 962.91  2293.17 1555.63 1573.07 1064.06 956.08  628.44  750.31  678.09  1715.95 941.67  504.95
42      830.9   1838.45 2090.68 1878.27 1854.17 1997.93 2019.82 2025.58 1864.55 2004.3  1874.18 1884.23 1787.31 186.36  314.6   287.82  1598.99 897.01  867.96  492.3   836.39  797.91  1447.05 1611.65 1930.76 583.73  646.68  313.91  481.23  921.02  1018.4  2006.05 1781.7  2022.92 1797.28 1912.01 1261.34 572.18  398.26  1849.96 668.24  0.0     2044.97 1123.24 1912.01 1898.18 545.99  1829.36 1274.5  245.73  1737.33 2149.23 303.14  883.72  852.84  1810.57 1161.39 320.72  992.27  1977.27 1090.31 2619.16 1881.62 1899.06 1191.46 1282.07 954.43  914.43  96.07   2041.94 1267.66 830.9
43      1322.36 283.81  510.13  209.63  273.62  417.38  439.27  444.96  284.0   423.75  293.63  303.68  352.9   1938.85 1943.25 1916.47 913.16  1550.45 1521.4  2015.53 1489.83 1273.62 761.22  925.82  170.11  1755.9  1818.85 1945.41 1935.52 1431.55 1528.93 68.17   496.36  16.83   457.89  343.23  1089.82 1658.82 1853.3  416.04  1661.65 2067.97 0.0     966.08  343.23  229.54  1632.63 260.58  1166.46 2113.88 382.57  568.68  1799.88 1537.16 1349.03 706.17  1359.11 1915.78 1388.57 367.74  1290.89 1038.61 704.98  324.92  1394.39 855.8   1352.12 1586.83 2007.83 281.29  1095.7  1322.36
44      416.13  738.54  990.79  778.39  754.29  898.02  919.88  925.7   764.67  904.42  774.3   784.35  687.43  1032.63 1037.03 1010.25 561.86  872.36  843.31  1109.31 811.74  456.15  409.98  574.58  893.69  1092.34 1155.29 1281.87 1271.97 767.99  865.37  968.98  681.88  985.85  697.4   848.39  528.11  752.6   1189.74 750.08  755.43  1168.2  1007.9  0.0     848.39  798.3   726.41  792.29  541.27  1256.62 700.26  1049.35 893.66  859.07  685.47  773.5   741.81  1252.22 771.27  877.39  665.7   1519.28 781.74  799.18  769.2   354.62  612.59  923.27  1101.61 1004.87 167.78  416.13
45      1215.59 347.52  599.71  387.34  363.24  507.0   528.89  534.65  373.62  513.37  383.25  393.3   296.38  1832.08 1836.48 1809.7  837.9   1475.19 1446.14 1908.75 1414.57 1255.6  685.96  850.56  493.96  1680.64 1743.59 1870.17 1860.18 1356.25 1453.67 372.23  153.13  389.1   310.61  0       1014.56 1552.05 1778.04 72.72   1554.88 1967.65 411.15  799.41  0       407.25  1525.86 153.92  1091.2  2056.07 307.31  658.3   1693.06 1461.9  1273.77 638.04  1283.85 1840.52 1313.31 106.84  1215.63 1128.23 361.75  408.13  1319.13 780.54  1276.86 1511.57 1901.06 605.13  928.98  1215.59
46      1264.95 171.17  397.49  96.99   160.98  304.74  326.63  332.39  171.36  311.11  180.99  191.04  240.26  1881.44 1885.84 1859.06 1066.11 1703.43 1674.38 1958.12 1642.81 1304.96 914.2   1078.81 323.07  1908.88 1971.83 2098.41 2088.51 1584.53 1681.91 221.15  350.44  169.81  345.25  496.21  1242.8  1601.41 2006.28 418.64  1604.24 2016.96 152.98  848.82  496.21  0.0     1575.13 413.48  1319.44 2105.43 535.55  455.96  1742.47 1690.14 1502.01 859.15  1512.09 2068.76 1541.55 545.95  1443.87 925.97  450.3   212.28  1547.37 1008.78 1461.4  1739.81 1950.42 434.27  978.4   1264.95
47      394.93  1402.38 1654.61 1442.2  1418.1  1561.86 1583.75 1589.51 1428.48 1568.23 1438.11 1448.16 1351.24 426.44  430.84  403.98  1162.92 460.92  431.89  503.12  400.32  361.92  1010.98 1175.58 1494.69 809.3   872.25  718.61  885.93  484.95  582.33  1569.98 1345.69 1586.85 1361.21 1475.94 825.27  26.19   802.96  1413.89 232.17  562.01  1608.9  687.17  1475.94 1462.01 0       1393.29 838.43  650.43  1301.26 1713.16 287.38  447.65  416.84  1374.5  725.33  725.42  754.79  1541.2  852.83  2183.09 1445.55 1462.99 953.98  846     518.36  640.23  495.39  1605.87 831.57  394.93
48      1169.34 430.17  682.4   469.99  445.89  589.65  611.54  617.3   456.27  596.02  465.9   475.95  379.03  1785.83 1790.23 1763.45 760.14  1397.43 1368.38 1862.51 1336.81 1120.6  608.2   772.8   416.2   1602.88 1665.83 1792.41 1782.51 1278.53 1375.91 294.47  235.78  311.34  393.19  82.65   936.7   1505.76 1700.28 155.41  1508.63 1914.95 333.39  882.12  82.65   489.9   1479.61 0       1013.44 1960.86 229.55  740.95  1646.79 1384.14 1196.01 560.28  1206.09 1762.76 1235.55 107.16  1137.87 1210.88 444.4   490.78  1241.37 702.78  1199.1  1433.81 1854.81 527.38  1011.69 1169.34
49      603.65  1338.11 1590.34 1377.93 1353.83 1497.55 1519.48 1525.24 1364.21 1503.96 1373.84 1383.89 1286.97 1154.43 1158.83 1132.05 817.95  736.93  707.88  1231.11 676.31  461.47  666.01  830.61  1149.72 671.2   734.15  860.73  850.83  618.03  715.41  1224.98 1284.1  1241.88 1296.94 1130.97 308.26  874.4   768.6   1203.78 877.23  983.27  1263.93 622.9   1130.97 1397.84 848.21  1048.32 0.0     1029.18 956.29  1648.89 1015.46 723.64  535.49  688.13  255.23  831.08  250.66  1155.48 124.43  2118.82 1381.28 1398.72 227.93  500.98  539.97  502.11  1079.34 1260.84 767.32  603.65
50      1039.56 2035.0  2287.23 2074.78 2050.72 2194.48 2216.37 2222.13 2061.1  2200.85 2070.73 2080.78 1983.86 529.8   658.04  631.26  1553.39 897.37  868.32  830.53  836.75  897.38  1401.45 1566.05 1885.16 313.53  376.48  244.59  235.5   610.98  722.93  1960.35 2019.54 1977.32 1993.83 1866.41 1214.49 939.38  152.53  1939.22 1035.44 367.2   1999.37 1319.76 1866.41 2094.73 913.19  1783.76 1227.65 0.0     1691.73 2345.78 670.34  884.08  699.47  1764.97 752.33  215.01  722.06  1890.92 820.11  2815.71 2078.17 2095.61 921.26  1236.47 975.88  644.23  463.27  1996.34 1464.21 1039.56
51      939.79  671.26  923.45  711.03  686.98  830.74  852.63  858.39  697.36  837.11  706.9   717.04  620.12  1556.28 1560.68 1533.9  530.59  1167.88 1138.83 1632.96 1107.26 891.05  378.65  543.25  342.49  1373.33 1436.28 1562.78 1552.94 1048.98 1146.36 417.7   476.87  434.65  634.35  323.74  707.2   1276.25 1470.73 396.55  1279.08 1685.4  456.7   583.56  323.74  730.99  1249.98 241.09  783.89  1731.31 0.0     982.04  1417.31 1154.59 966.46  478.99  976.54  1533.21 1006.0  348.25  908.32  1434.54 685.49  731.87  1011.82 473.23  969.55  1204.26 1625.26 453.67  713.13  939.79
52      1565.69 471.91  442.99  496.18  457.12  369.09  390.98  396.74  404.58  375.46  414.21  424.26  541.0   2182.18 2186.58 2159.79 1577.75 2021.91 1992.81 2258.86 1961.29 1605.7  1425.79 1590.46 839.18  2241.89 2304.84 2431.38 2421.51 1917.54 2014.92 737.25  651.18  685.9   645.99  817.69  1677.66 1902.15 2339.29 719.41  1905.07 2317.75 669.07  1149.57 817.69  516.09  1875.96 893.77  1690.82 2406.17 1047.16 0.0     2043.19 2008.62 1834.98 1377.95 1891.36 2401.77 1920.82 846.69  1815.25 971.47  751.11  507.44  1918.75 1379.72 1762.2  2072.82 2251.16 950.36  1279.14 1565.69
53      585.54  1593.05 1845.22 1632.87 1608.77 1752.53 1774.42 1780.18 1619.15 1758.9  1628.78 1638.83 1541.91 191.13  195.53  168.75  1353.59 651.61  622.56  267.81  590.99  552.59  1201.65 1366.25 1685.36 748.24  811.19  478.42  645.74  675.62  772.98  1760.65 1536.36 1777.52 1551.88 1666.61 1015.94 326.78  562.77  1604.56 422.84  321.82  1799.57 877.84  1666.61 1652.78 300.59  1583.96 1029.1  410.24  1491.93 1903.75 0.0     638.32  607.51  1565.17 916.0   485.23  945.46  1731.87 1043.5  2373.76 1636.22 1653.66 1144.65 1036.67 709.03  830.9   255.22  1796.54 1022.26 585.54
54      543.71  1551.18 1803.41 1591.0  1566.9  1710.66 1732.55 1738.26 1577.28 1717.03 1586.91 1596.95 1500.04 780.21  784.61  757.83  1084.93 139.22  110.17  856.89  78.6    428.92  932.99  1097.59 1416.7  623.47  686.42  813.0   803.1   299.12  396.5   1491.99 1551.08 1508.86 1510.01 1397.95 746.03  500.18  720.87  1470.76 503.01  915.77  1530.91 835.97  1397.95 1610.88 473.95  1315.3  759.19  1004.2  1223.27 1861.96 641.24  0.0     230.94  1296.51 539.5   783.35  568.96  1422.46 667.0   2331.89 1594.35 1611.79 768.15  768.01  507.42  454.36  849.19  1527.88 980.39  543.71
55      340.11  1335.55 1587.78 1375.37 1351.27 1495.03 1516.92 1522.68 1361.65 1501.4  1371.28 1381.33 1284.41 890.89  895.29  868.51  853.94  456.55  427.5   967.57  395.88  197.93  702.0   866.6   1185.71 662.0   724.95  851.53  841.63  337.65  435.03  1261    1320.09 1277.87 1294.38 1166.96 515.04  610.86  759.4   1239.77 613.69  974.07  1299.92 620.34  1166.96 1395.28 584.67  1084.31 528.2   1019.98 992.28  1646.33 751.84  443.26  0.0     1065.47 308.51  821.88  337.97  1191.47 436.0   2116.26 1378.72 1396.16 537.16  537.02  276.43  492.93  959.87  1296.89 764.76  340.11
56      812.66  1062.42 1314.65 1102.24 1078.14 1221.9  1243.79 1249.55 1088.52 1228.27 1098.15 1108.2  1011.28 1429.15 1433.55 1406.77 417.86  1040.75 1011.7  1505.83 980.13  763.92  265.92  430.52  745.18  1246.2  1309.15 1435.73 1425.83 921.85  1019.23 820.47  879.56  837.34  1021.25 726.43  314.58  1149.12 1343.6  799.24  1151.95 1558.27 859.39  456.43  726.43  1122.15 1122.84 643.78  335.52  1604.13 551.75  1373.2  1290.18 1027.46 839.33  0       849.41  1406.08 878.87  750.89  459.95  1837.23 1105.57 1123.03 563.45  346.1   842.34  1077.13 1498.13 856.36  586     812.66
57      468.16  1428.63 1680.83 1468.37 1444.27 1588.03 1609.92 1615.68 1454.71 1594.4  1464.37 1474.41 1377.41 1018.93 1023.34 996.56  946.94  601.54  572.39  1095.62 540.82  325.88  795.0   959.6   1278.71 577.8   640.77  767.33  757.43  482.54  579.87  1354    1413.19 1370.87 1387.38 1259.96 608.04  738.95  675.2   1332.77 741.74  889.87  1392.92 713.34  1259.96 1488.28 712.72  1177.27 368.39  935.78  1085.28 1739.33 879.97  588.15  400.03  1158.47 0.0     737.68  153.45  1284.47 251.49  2209.28 1471.72 1489.16 352.64  630.02  404.48  408.64  985.94  1389.89 857.76  468.16
58      1047.82 2043.31 2295.54 2083.13 2059.03 2202.79 2224.68 2230.44 2069.41 2209.16 2079.04 2089.09 1992.17 458.14  586.38  559.6   1561.7  905.68  876.63  758.87  845.05  905.67  1409.76 1574.36 1893.47 321.84  384.79  155.03  261.64  619.29  731.26  1968.7  2027.85 1985.63 2002.14 1874.72 1222.8  849.78  167.73  1947.53 945.84  277.6   2007.68 1328.1  1874.72 2103.04 823.59  1792.07 1235.96 348.98  1700.04 2354.0  580.74  892.39  707.78  1773.28 760.64  0.0     730.38  1899.23 828.42  2824.02 2086.48 2103.92 929.57  1244.78 984.19  652.54  373.67  2004.62 1472.52 1047.82
59      593.42  1410.87 1663.03 1450.69 1426.59 1570.35 1592.24 1598.0  1436.97 1576.72 1446.6  1456.65 1359.73 1144.2  1148.6  1121.82 890.66  726.7   697.65  1220.88 666.08  451.24  738.77  903.37  1222.48 658.55  721.5   848.01  838.18  607.8   705.1   1297.76 1356.86 1314.64 1369.7  1203.73 381.02  864.17  755.95  1276.54 867.0   970.62  1336.69 695.66  1203.73 1470.6  837.98  1121.03 214.94  1016.53 1029.02 1721.65 1005.18 713.34  525.28  760.93  245.0   818.43  0.0     1228.24 98.04   2191.58 1454.04 1471.48 199.19  573.79  529.74  489.48  1066.69 1333.63 840.03  593.42
60      1249.59 442.67  694.83  482.49  458.39  602.15  624.04  629.8   468.77  608.52  478.4   488.45  391.53  1866.08 1870.48 1843.7  840.39  1477.68 1448.63 1942.76 1417.06 1200.85 688.45  853.05  496.45  1683.13 1746.08 1872.58 1862.76 1358.78 1456.16 374.72  248.28  391.59  405.76  95.15   1017.05 1586.05 1780.53 167.93  1588.88 1995.2  413.64  894.62  95.15   502.4   1559.86 156.41  1093.69 2041.11 309.8   753.45  1727.11 1464.3  1276.26 640.53  1286.34 1843.01 1315.8  0.0     1218.1  1223.38 456.9   503.28  1321.62 783.03  1279.35 1514.06 1935.06 607.63  1024.19 1249.59
61      596.5   1329.57 1581.8  1369.31 1345.29 1489.01 1510.94 1516.7  1355.67 1495.42 1365.3  1375.35 1278.43 1147.28 1151.68 1124.9  809.35  729.78  700.73  1223.96 669.16  454.28  657.47  822.07  1141.18 664.05  727.0   853.58  843.68  610.88  708.26  1216.47 1275.56 1233.34 1288.4  1122.43 299.72  867.25  761.45  1195.24 870.08  976.12  1255.39 614.36  1122.43 1389.3  841.06  1039.78 133.64  1022.02 947.69  1640.35 1008.23 716.4   528.36  679.6   248.08  823.93  243.51  1146.94 0.0     2110.28 1372.74 1390.18 220.78  492.49  532.73  494.98  1072.19 1252.36 758.78  596.5
62      2171.34 1077.61 1134.44 1101.88 1062.82 971.26  993.15  998.91  1010.28 977.63  1019.91 1029.96 1146.7  2787.88 2792.28 2765.5  2128.65 2627.61 2598.56 2864.56 2566.99 2211.4  1976.71 2141.31 1526.74 2847.59 2910.54 3037.08 3027.22 2523.24 2620.62 1601.94 1256.88 1291.6  1251.69 1423.39 2283.36 2507.85 2944.99 1325.08 2510.68 2923.45 1274.77 1755.25 1423.39 1121.79 2481.66 1499.47 2296.52 3011.87 1598.06 1098.33 2648.91 2614.32 2440.72 1817.57 2497.06 3007.47 2526.52 1452.39 2420.95 0       1356.74 1113.06 2524.45 1985.42 2367.84 2678.52 2856.86 1637.92 1884.84 2171.34
63      1207.93 339.8   592.09  379.68  355.58  499.31  521.23  526.99  365.96  505.71  375.59  385.64  288.72  1824.42 1828.82 1802.04 934.8   1572.09 1543.05 1901.1  1511.47 1247.94 782.86  947.46  590.86  1777.54 1840.49 1967.0  1957.17 1453.15 1550.57 469.13  243.81  486     302.95  189.56  1111.46 1544.39 1874.94 262.37  1547.22 1959.99 508.05  791.81  189.56  399.59  1518.2  250.82  1188.1  2048.41 404.21  650.64  1685.45 1558.8  1370.71 734.94  1380.75 1937.42 1410.21 154.92  1312.53 1120.54 0       400.47  1416.03 877.44  1404.38 1608.47 1893.43 702.04  921.43  1207.93
64      1217.4  123.65  361.06  154.31  124.55  268.31  290.2   295.96  134.93  274.68  144.56  154.61  192.74  1833.92 1838.32 1811.54 1229.49 1673.58 1644.6  1910.6  1613.03 1257.44 1077.55 1242.15 497.38  1893.63 1956.58 2083.16 2073.26 1569.28 1666.66 395.45  302.92  344.1   187.51  469.43  1329.4  1553.89 1991.03 371.12  1556.72 1969.49 327.27  801.31  469.43  174.29  1527.7  545.51  1342.56 2057.91 698.9   419.61  1694.95 1660.36 1486.76 1029.63 1543.1  2053.51 1572.56 498.43  1466.99 889.54  402.78  0       1570.49 1031.46 1413.88 1724.49 1902.9  608.56  930.88  1217.4
65      708.69  1441.74 1693.97 1481.56 1457.46 1601.22 1623.11 1628.87 1467.84 1607.59 1477.47 1487.52 1390.54 1259.47 1263.87 1237.09 921.58  841.97  812.92  1336.15 781.35  566.48  769.64  934.24  1253.35 776.24  839.19  965.77  955.84  723.07  820.45  1328.64 1387.73 1345.51 1400.57 1234.6  411.89  979.44  873.64  1307.41 982.27  1088.31 1367.56 726.53  1234.6  1501.47 953.16  1151.92 245.81  1134.22 1059.92 1752.52 1120.5  828.68  640.55  791.8   360.27  936.12  355.7   1259.11 128.9   2222.45 1484.91 1502.35 0       604.66  645.01  607.17  1184.29 1364.53 870.95  708.69
66      561.45  923.1   1175.33 962.92  938.82  1082.58 1104.47 1110.23 949.2   1088.95 958.83  968.88  872.05  1177.94 1182.34 1155.56 403.42  789.54  760.49  1254.62 728.92  512.71  251.51  416.11  735.31  994.99  1057.98 1184.52 1174.62 670.64  768.02  810.53  869.6   827.38  881.93  716.47  392.39  897.91  1092.39 789.28  900.84  1307.06 849.51  317.11  716.47  982.92  871.72  633.82  405.55  1352.97 541.85  1233.88 1038.97 776.35  588.12  615.12  598.2   1154.9  627.68  740.98  530.02  1703.81 966.27  983.71  633.5   0       591.21  825.92  1246.97 846.4   446.68  561.45
67      346.09  1353.58 1605.81 1393.4  1369.3  1513.06 1534.95 1540.71 1379.68 1519.43 1389.31 1399.36 1302.44 896.91  901.31  874.53  904.45  518.33  489.28  973.59  457.71  203.95  752.51  917.11  1236.22 723.78  786.73  913.25  903.41  399.43  496.81  1311.51 1296.89 1328.38 1312.41 1217.47 565.55  616.88  821.18  1290.28 619.71  1035.85 1350.43 638.37  1217.47 1413.31 590.69  1134.77 578.71  1081.76 1042.79 1664.32 757.85  505.04  316.91  1116.03 361.18  883.66  390.64  1241.98 488.68  2134.29 1396.75 1414.19 589.83  587.53  0       554.71  965.89  1347.4  782.79  346.09
68      1078.05 2073.49 2325.72 2113.31 2089.21 2232.97 2254.86 2260.62 2099.59 2239.34 2109.22 2119.27 2022.35 776.58  904.82  878.01  1591.88 935.86  906.81  1077.31 875.24  935.87  1439.94 1604.54 1923.56 302.65  365.5   492.18  482.28  649.47  761.41  1998.88 2058.03 2015.81 2032.32 1904.9  1252.98 1186.9  400.05  1977.71 1153.45 614.72  2037.86 1358.28 1904.9  2133.22 1160.67 1822.25 1266.14 660.63  1730.22 2384.27 917.86  922.57  737.96  1803.46 790.82  462.53  760.56  1929.41 858.6   2854.2  2116.58 2134.1  959.75  1274.96 1014.37 0       710.79  2034.83 1502.7  1078.05
69      780.51  1788.05 2040.28 1827.87 1803.77 1947.53 1969.42 1975.18 1814.15 1953.9  1823.78 1833.83 1736.91 135.96  264.2   237.42  1548.59 846.61  817.53  441.9   785.99  747.59  1396.65 1561.25 1880.36 549.18  612.13  279.36  446.68  870.62  968.0   1955.65 1731.36 1972.52 1746.88 1861.61 1210.94 521.78  363.71  1799.56 617.84  122.69  1994.57 1072.84 1861.61 1847.78 495.59  1778.96 1224.1  211.18  1686.93 2098.83 252.74  833.32  802.43  1760.16 1111.0  286.17  957.72  1926.87 1055.76 2568.75 1831.22 1848.66 1156.91 1231.67 904.03  879.88  0       1991.54 1217.26 780.51
70      1222.87 419.47  645.79  345.29  409.28  553.04  574.93  580.69  419.72  559.41  429.25  439.34  488.56  1839.36 1843.76 1816.98 813.67  1450.96 1421.91 1916.04 1390.34 1174.13 661.73  826.38  34.19   1656.41 1719.36 1845.94 1836.04 1332.06 1429.44 135.62  593.91  152.49  751.39  440.8   990.33  1559.33 1753.81 513.59  1562.16 1968.48 174.54  866.64  440.8   365.2   1533.14 358.13  1066.97 2014.39 283.08  704.3   1700.39 1437.67 1249.6  606.68  1259.65 1816.29 1289.08 465.29  1191.4  1314.11 802.53  460.58  1294.9  756.31  1252.63 1487.38 1908.34 0       996.21  1222.87
71      491.64  786.2   1038.44 826.07  801.93  945.69  967.61  973.34  812.27  952.1   821.94  831.99  735.12  1108.2  1112.62 1085.73 609.56  947.88  918.86  1184.71 887.24  531.67  457.62  622.22  941.33  1167.84 1230.79 1357.46 1347.47 843.49  940.87  1016.62 729.55  1033.49 745.04  896.03  603.61  828.16  1265.24 797.79  830.93  1243.76 1055.61 75.49   896.03  846.0   801.98  839.93  616.81  1332.12 747.9   1096.99 969.16  934.66  760.97  821.14  817.31  1327.72 846.77  925.02  741.28  1566.92 829.38  846.82  844.7   402.19  688.09  998.77  1177.11 1052.55 0       491.64
72      0.0     1007.45 1259.68 1047.27 1023.17 1166.93 1188.82 1194.58 1033.55 1173.3  1043.18 1053.23 956.31  810.13  814.53  787.75  767.99  649.86  620.81  886.79  589.24  233.65  616.05  780.65  1099.76 881.91  944.86  1071.37 1061.54 557.56  654.94  1175.05 950.71  1191.92 966.28  1081.01 430.34  530.1   979.31  1018.96 532.93  945.7   1213.97 292.2   1081.01 1067.18 503.91  998.36  443.5   1034.12 906.33  1318.23 671.16  636.57  475.04  979.57  519.31  1041.79 548.77  1146.27 567.93  1788.16 1050.62 1068.06 671.43  451.07  390.09  712.84  879.11  1210.94 436.66  0.0