        1       2       3       4       5       6       7       8       9       10      11      12      13      14      15      16      17      18      19      20      21      22      23      24      25      26      27      28      29      30      31      32
1       0.0     617.63  1213.97 1070.16 671.16  491.62  514.7   476.31  530.1   503.91  492.85  515.19  493.63  1146.27 1191.92 1191.92 1175.05 1175.05 1087.22 1081.01 1081.01 1788.16 1050.62 1068.06 671.43  451.07  390.09  712.84  879.11  1210.94 436.66  0.0
2       570.66  0.0     1784.63 1640.82 53.53   231.29  389.75  169.22  311.84  285.63  274.59  296.93  1064.29 1716.93 1762.58 1762.58 1745.68 1745.68 1657.86 1651.67 1651.67 2358.82 1621.28 1638.72 1129.71 1021.73 694.09  815.96  261.48  1781.6  1007.32 570.66
3       1322.36 1746.35 0.0     332.38  1799.88 1620.38 1643.5  1605.03 1658.82 1632.63 1621.48 1643.86 784.99  367.74  16.83   16.83   68.17   68.17   349.46  343.23  343.23  1038.61 704.98  324.92  1394.39 855.8   1352.12 1586.83 2007.83 281.29  1095.7  1322.36
4       1226.41 1650.46 422.03  0.0     1703.99 1524.49 1547.61 1509.14 1562.93 1536.74 1525.68 1548.02 633.87  117.72  399.98  399.98  383.11  383.11  17.11   10.88   10.88   1139.11 372.63  419.01  1330.01 791.42  1287.74 1522.45 1911.94 616.02  939.92  1226.41
5       585.54  357.32  1799.57 1655.76 0.0     246.23  404.69  184.16  326.78  300.59  289.53  311.87  1079.23 1731.87 1777.52 1777.52 1760.65 1760.65 1672.79 1666.61 1666.61 2373.76 1636.22 1653.66 1144.65 1036.67 709.03  830.9   255.22  1796.54 1022.26 585.54
6       414.62  190.96  1628.65 1484.84 244.49  0.0     233.77  49.64   155.86  129.67  118.55  140.95  908.31  1560.95 1606.6  1606.6  1589.73 1589.73 1501.87 1495.69 1495.69 2202.82 1465.3  1482.74 973.73  865.75  538.11  659.98  452.36  1625.62 851.34  414.62
7       398.08  309.74  1612.11 1468.3  363.27  183.73  0.0     168.42  222.21  196.02  184.96  207.3   891.77  1544.41 1590.06 1590.06 1573.19 1573.19 1485.32 1479.15 1479.15 2186.3  1448.76 1466.2  957.19  849.21  521.57  643.44  571.22  1609.08 834.7   398.08
8       425.49  175.67  1639.46 1495.65 229.2   86.12   244.58  0.0     166.67  140.48  129.42  151.75  919.12  1571.76 1617.41 1617.41 1600.54 1600.54 1512.69 1506.5  1506.5  2213.65 1476.09 1493.55 984.54  876.56  548.92  670.79  437.15  1636.43 862.15  425.49
9       368.68  207.75  1582.71 1438.9  261.28  81.78   187.83  66.43   0.0     84.37   73.31   95.65   862.37  1515.01 1560.66 1560.66 1543.79 1543.79 1455.93 1449.75 1449.75 2156.9  1419.36 1436.8  927.79  819.79  492.17  614.04  469.23  1579.68 805.4   368.68
10      394.93  233.94  1608.9  1465.08 287.38  107.97  214.02  92.62   26.19   0       99.5    11.28   888.56  1541.2  1586.85 1586.85 1569.98 1569.98 1482.13 1475.94 1475.94 2183.09 1445.55 1462.99 953.98  846     518.36  640.23  495.39  1605.87 831.57  394.93
11      405.99  245.0   1619.96 1476.15 298.53  119.03  225.08  103.68  37.25   11.06   0       22.34   899.62  1552.26 1597.91 1597.91 1581.04 1581.04 1493.19 1487    1487    2194.15 1456.61 1474.05 965.04  857.06  529.42  651.29  506.48  1616.93 842.65  405.99
12      383.59  222.6   1597.62 1453.81 276.11  96.69   202.74  81.34   14.91   99.2    88.22   0       877.28  1529.92 1575.57 1575.57 1558.7  1558.7  1470.84 1464.66 1464.66 2171.81 1434.27 1451.71 942.7   834.74  507.08  628.95  484.14  1594.59 820.25  383.59
13      592.64  1016.63 793.39  679.65  1070.16 890.66  913.68  875.31  929.1   902.91  891.85  914.19  0.0     719.5   1037.9  1037.9  1021.03 1021.03 696.73  690.5   690.5   1361.39 623.85  641.29  945.7   406.67  789.09  1099.77 1278.07 1056.92 306.09  592.64
14      1249.59 1673.58 413.64  84.3    1727.11 1547.61 1570.73 1532.26 1586.05 1559.86 1548.8  1571.14 718.11  0.0     391.59  391.59  374.72  374.72  101.38  95.15   95.15   1223.38 456.9   503.28  1321.62 783.03  1279.35 1514.06 1935.06 607.63  1024.19 1249.59
15      1344.41 1768.38 22.05   354.43  1821.93 1642.43 1665.55 1627.08 1680.87 1654.68 1643.62 1665.96 768.16  389.79  0       0       90.23   90.23   371.51  365.28  365.28  1021.78 546.11  308.09  1416.44 877.85  1374.17 1608.88 2029.88 303.34  1117.75 1344.41
16      1344.41 1768.38 22.05   354.43  1821.93 1642.43 1665.55 1627.08 1680.87 1654.68 1643.62 1665.96 768.16  389.79  0       0       90.23   90.23   371.51  365.28  365.28  1021.78 546.11  308.09  1416.44 877.85  1374.17 1608.88 2029.88 303.34  1117.75 1344.41
17      1318.5  1742.49 38.92   328.52  1796.02 1616.52 1639.57 1601.17 1654.96 1628.77 1617.71 1640.05 785.03  363.88  16.87   16.87   0       0       345.6   339.37  339.37  1038.65 562.98  324.9   1390.53 851.94  1348.26 1582.97 2003.97 277.43  1091.84 1318.5
18      1318.5  1742.49 38.92   328.52  1796.02 1616.52 1639.57 1601.17 1654.96 1628.77 1617.71 1640.05 785.03  363.88  16.87   16.87   0       0       345.6   339.37  339.37  1038.65 562.98  324.9   1390.53 851.94  1348.26 1582.97 2003.97 277.43  1091.84 1318.5
19      1209.36 1633.35 404.92  60.76   1686.83 1507.38 1530.48 1492.03 1545.82 1519.63 1508.57 1530.91 616.76  100.61  382.87  382.87  366     366     0       71.52   71.52   1122    355.52  401.9   1312.9  774.31  1270.63 1505.34 1894.83 598.91  922.81  1209.36
20      1215.59 1639.53 411.15  66.99   1693.06 1513.61 1536.73 1498.26 1552.05 1525.86 1514.8  1537.09 622.99  106.84  389.1   389.1   372.23  372.23  6.15    0       0       1128.23 361.75  408.13  1319.13 780.54  1276.86 1511.57 1901.06 605.13  928.98  1215.59
21      1215.59 1639.53 411.15  66.99   1693.06 1513.61 1536.73 1498.26 1552.05 1525.86 1514.8  1537.09 622.99  106.84  389.1   389.1   372.23  372.23  6.15    0       0       1128.23 361.75  408.13  1319.13 780.54  1276.86 1511.57 1901.06 605.13  928.98  1215.59
22      2171.34 2595.38 1274.77 1412.54 2648.91 2469.41 2492.53 2454.06 2507.85 2481.66 2470.6  2492.94 1578.79 1452.39 1291.6  1291.6  1601.94 1601.94 1429.62 1423.39 1423.39 0       1356.74 1113.06 2524.45 1985.42 2367.84 2678.52 2856.86 1637.92 1884.84 2171.34
23      1207.93 1631.92 508.05  178.71  1685.45 1505.95 1529.07 1490.6  1544.39 1518.2  1507.14 1529.48 615.33  154.92  486     486     469.13  469.13  195.79  189.56  189.56  1120.54 0       400.47  1416.03 877.44  1404.38 1608.47 1893.43 702.04  921.43  1207.93
24      1217.4  1641.37 327.27  458.58  1694.95 1515.45 1538.52 1500.1  1553.89 1527.7  1516.64 1538.98 624.83  498.43  344.1   344.1   395.45  395.45  475.66  469.43  469.43  889.54  402.78  0       1570.49 1031.46 1413.88 1724.49 1902.9  608.56  930.88  1217.4
25      708.69  1066.94 1367.56 1223.75 1120.5  940.96  964.12  925.65  979.44  953.16  942.19  964.53  927.92  1259.11 1345.51 1345.51 1328.64 1328.64 1240.83 1234.6  1234.6  2222.45 1484.91 1502.35 0       604.66  645.01  607.17  1184.29 1364.53 870.95  708.69
26      561.45  985.44  849.51  705.62  1038.97 859.47  882.59  844.12  897.91  871.72  860.66  882.92  409.28  740.98  827.38  827.38  810.53  810.53  722.7   716.47  716.47  1703.81 966.27  983.71  633.5   0       591.21  825.92  1246.97 846.4   446.68  561.45
27      346.09  704.41  1350.43 1206.62 757.85  578.44  601.54  563.09  616.88  590.69  579.63  601.97  839.76  1241.98 1328.38 1328.38 1311.51 1311.51 1223.7  1217.47 1217.47 2134.29 1396.75 1414.19 589.83  587.53  0       554.71  965.89  1347.4  782.79  346.09
28      1078.05 1217.44 2037.86 1894.05 917.86  1106.35 1135.3  1044.28 1186.9  1160.67 1149.65 1171.99 1559.67 1929.41 2015.81 2015.81 1998.88 1998.88 1911.13 1904.9  1904.9  2854.2  2116.58 2134.1  959.75  1274.96 1014.37 0       710.79  2034.83 1502.7  1078.05
29      780.51  552.32  1994.57 1850.76 252.74  441.23  599.67  379.16  521.78  495.59  484.47  506.87  1274.23 1926.87 1972.52 1972.52 1955.65 1955.65 1867.79 1861.61 1861.61 2568.75 1831.22 1848.66 1156.91 1231.67 904.03  879.88  0       1991.54 1217.26 780.51
30      1222.87 1646.9  174.54  429.93  1700.39 1520.89 1544.01 1505.54 1559.33 1533.14 1522.08 1544.42 958.81  465.29  152.49  152.49  135.62  135.62  447.01  440.8   440.8   1314.11 802.53  460.58  1294.9  756.31  1252.63 1487.38 1908.34 0       996.21  1222.87
31      491.64  915.63  1055.61 885.19  969.16  789.74  812.79  774.38  828.16  801.98  790.87  813.21  272.39  925.02  1033.49 1033.49 1016.62 1016.62 902.26  896.03  896.03  1566.92 829.38  846.82  844.7   402.19  688.09  998.77  1177.11 1052.55 0       491.64
32      0.0     617.63  1213.97 1070.16 671.16  491.62  514.7   476.31  530.1   503.91  492.85  515.19  493.63  1146.27 1191.92 1191.92 1175.05 1175.05 1087.22 1081.01 1081.01 1788.16 1050.62 1068.06 671.43  451.07  390.09  712.84  879.11  1210.94 436.66  0.0