        1       2       3       4       5       6       7       8       9       10      11      12      13      14      15      16      17      18      19      20      21      22      23      24      25      26      27      28      29      30      31      32      33      34      35      36      37      38      39      40      41      42      43      44      45      46      47      48      49      50      51      52      53      54      55      56      57      58      59      60      61      62      63      64      65      66      67      68      69      70      71      72
1       0.0     1175.05 886.79  1191.92 814.53  1081.01 1099.76 589.24  979.31  1018.96 532.93  945.7   1213.97 292.2   1081.01 1067.18 503.91  787.75  443.5   1166.93 1259.68 1318.23 671.16  636.57  1194.58 979.57  519.31  1041.79 548.77  1146.27 567.93  1084.21 418.34  998.36  1167.41 725.91  616.05  1034.12 491.62  654.94  613.17  530.1   430.34  1173.3  950.71  1006.93 1113.82 475.04  977.18  1043.18 966.28  881.91  493.63  906.33  615.09  865.86  994.7   620.81  1070.16 411.83  956.31  1788.16 1050.62 1068.06 671.43  451.07  390.09  712.84  879.11  1210.94 436.66  0.0
2       1318.5  0       2011.64 16.87   1939.39 339.37  166.25  1485.9  1849.44 412.18  1657.79 2064.11 38.92   962.27  339.37  229.58  1628.77 1912.61 1162.6  417.42  510.17  568.72  1796.02 1533.21 445.07  702.31  1355.25 1911.92 1384.66 363.88  1287.03 1954.34 1073.96 256.71  109.37  886.12  757.33  2110.02 1616.52 1525.05 1509.9  1654.96 1085.96 423.79  492.5   498.58  158.66  1345.17 468.83  293.67  457.93  1752.04 785.03  378.71  1740.01 1990.72 436.93  1517.54 328.52  801.13  352.94  1038.65 562.98  324.9   1390.53 851.94  1348.26 1582.97 2003.97 277.43  1091.84 1318.5
3       767.26  1942.4  0.0     1959.27 304.13  1848.36 1867.11 772.64  702.84  1786.31 604.59  490.23  1981.32 1059.59 1848.36 1834.53 482.34  277.3   1210.85 1934.28 2027.03 2085.56 244.38  820.07  1961.93 1746.92 1097.65 659.34  1127.21 1913.54 1225.25 1016.77 1185.69 1765.71 1934.76 1493.28 1383.4  550.31  427.98  954.75  796.67  508.53  1197.69 1940.65 1718.11 1774.28 1881.17 789.18  1744.53 1810.53 1733.6  863.84  1260.98 1673.68 686.81  355.44  1762.1  804.31  1837.51 1179.18 1723.66 2555.51 1817.97 1835.41 1326.4  1218.42 890.78  1012.58 429.34  1978.21 1204.01 767.26
4       1344.41 90.23   2037.58 0       1965.3  365.28  192.16  1511.88 1875.35 438.09  1683.7  2090.02 22.05   988.18  365.28  212.71  1654.68 1938.52 1188.51 400.55  493.3   551.83  1821.93 1559.21 428.13  728.22  1381.16 1937.83 1410.62 389.79  1312.94 1980.25 1099.87 282.63  92.5    911.97  783.27  2135.93 1642.43 1550.98 1535.81 1680.87 1111.87 406.92  518.41  481.71  141.75  1371.08 451.87  276.76  441.06  1777.95 768.16  404.62  1765.92 2016.63 462.84  1543.45 354.43  827.04  336.07  1021.78 546.11  308.09  1416.44 877.85  1374.17 1608.88 2029.88 303.34  1117.75 1344.41
5       715.96  1891.1  314.8   1907.97 0.0     1797.06 1815.81 721.44  551.35  1735.01 553.29  338.74  1930.02 1008.29 1797.06 1783.23 431.04  30.86   1159.55 1882.98 1975.73 2034.28 193.1   768.77  1910.63 1695.58 1046.45 498.8   1075.91 1862.32 1173.95 865.26  1134.39 1714.41 1883.46 1441.98 1332.1  398.82  376.67  903.45  745.37  457.23  1146.39 1889.35 1666.78 1722.98 1829.87 737.87  1693.23 1759.23 1682.33 712.35  1209.68 1622.33 635.51  118.13  1710.8  753     1786.21 1127.88 1672.31 2504.21 1766.67 1784.11 1275.1  1167.12 839.48  961.35  275.91  1926.99 1152.64 715.96
6       1215.59 372.23  1908.75 389.1   1836.48 0       493.96  1414.57 1778.04 72.72   1554.88 1967.65 411.15  799.41  0       407.25  1525.86 1809.7  1091.2  507.0   599.71  658.3   1693.06 1461.9  534.65  638.04  1283.85 1840.52 1313.31 106.84  1215.63 1882.94 1002.56 153.92  507.48  814.72  685.96  2056.07 1513.61 1453.67 1438.5  1552.05 1014.56 513.37  153.13  351.26  453.89  1273.77 321.47  383.25  310.61  1680.64 622.99  307.31  1637.1  1887.79 97.56   1446.14 66.99   729.72  296.38  1128.23 361.75  408.13  1319.13 780.54  1276.86 1511.57 1901.06 605.13  928.98  1215.59
7       1334.05 246.8   2027.22 263.67  1954.94 551.96  0.0     1501.52 1864.99 624.77  1673.34 2079.66 285.72  977.75  551.96  476.38  1644.32 1928.16 1178.15 664.22  756.97  815.52  1811.57 1548.85 691.87  717.86  1370.8  1927.47 1400.2  576.47  1302.58 1969.89 1089.51 469.31  356.17  901.67  772.91  2125.57 1632.05 1540.62 1525.45 1670.51 1101.51 670.59  705.09  903.22  405.46  1360.72 873.47  540.47  862.57  1767.59 1069.99 394.26  1755.56 2006.27 649.49  1533.09 541.11  816.68  599.74  1425.29 913.71  571.68  1406.08 867.49  1363.81 1598.52 2019.52 111.18  1107.39 1334.05
8       682.06  1630.32 995.22  1647.19 922.94  1536.28 1555.03 0.0     859.2   1609.09 641.34  1054.11 1669.24 974.3   1536.28 1749.24 612.32  896.16  897.52  1848.99 1941.74 2000.29 779.57  253.97  1876.64 1434.82 677.83  921.68  707.29  1560.79 805.33  964.1   872.36  1453.63 1739.68 1181.2  1071.32 1142.53 600.07  534.83  226.86  638.51  884.36  1855.36 1689.41 1688.99 1788.98 369.34  1659.14 1725.24 1648.34 761.8   1175.69 1361.6  723.56  974.27  1633.84 31.57   1525.43 867.1   1638.37 2470.22 1732.68 1750.12 906.48  906.31  645.75  592.73  987.46  1666.21 1118.72 682.06
9       1045.59 1971.48 695.94  1988.35 523.45  1877.44 1896.19 847.78  0.0     1950.25 882.91  214.67  2010.4  1330.82 1877.44 2105.76 760.66  496.58  1238.68 2205.51 2298.26 2356.81 517.81  895.11  2233.16 1776    763.36  62.48   733.1   1901.95 831.14  477.49  1213.52 1794.79 2080.85 1522.36 1412.48 286.05  706.28  733.98  871.71  786.85  1225.52 2211.79 2030.57 2045.51 2130.14 710.5   2015.76 2081.76 2004.79 324.56  1532.21 1702.76 965.13  574.78  1975.0  879.35  1866.59 1208.26 1994.89 2826.74 2089.2  2106.64 932.29  1247.5  986.91  655.26  310.66  2007.37 1475.24 1045.59
10      1142.78 422.38  1835.95 439.25  1763.67 127.99  544.11  1464.68 1828.19 0.0     1482.07 1894.84 487.42  726.66  127.99  334.44  1453.05 1736.89 1141.35 434.18  526.94  585.49  1620.3  1512.05 461.84  688.11  1334.0  1890.67 1363.46 156.99  1265.78 1933.09 1052.71 204.07  434.67  864.87  736.11  1983.26 1440.8  1503.76 1488.65 1479.24 1064.71 440.56  80.32   278.45  381.08  1323.92 248.65  310.44  237.8   1730.79 550.18  357.46  1564.29 1815.0  24.75   1496.22 117.14  779.84  223.57  1055.42 288.85  335.32  1369.28 830.69  1339.23 1561.72 1828.25 655.29  856.23  1142.78
11      504.95  1680.06 685.79  1696.93 613.51  1586.02 1604.7  510.4   985.63  1523.97 0.0     744.68  1718.98 797.25  1586.02 1572.19 302.89  586.73  948.51  1671.91 1764.69 1823.24 470.14  557.73  1699.59 1484.58 835.41  908.09  864.87  1651.28 962.91  1121.68 923.35  1503.37 1672.42 1230.94 1121.06 833.1   290.64  692.41  534.33  329.08  935.35  1678.31 1455.77 1511.92 1618.81 526.83  1482.13 1548.19 1471.29 919.38  998.64  1411.34 221.09  664.74  1499.76 541.97  1575.17 916.84  1461.32 2293.17 1555.63 1573.07 1064.06 956.08  628.44  750.31  678.09  1715.95 941.67  504.95
12      830.9   2006.05 492.3   2022.92 314.6   1912.01 1930.76 836.39  398.26  1849.96 668.24  0.0     2044.97 1123.24 1912.01 1898.18 545.99  287.82  1274.5  1997.93 2090.68 2149.23 303.14  883.72  2025.58 1810.57 1161.39 320.72  992.27  1977.27 1090.31 736.61  1249.34 1829.36 1998.41 1556.93 1447.05 245.73  491.63  1018.4  860.23  572.18  1261.34 2004.3  1781.7  1837.93 1944.82 852.84  1808.18 1874.18 1797.28 583.73  1324.63 1737.33 750.46  365.93  1825.75 867.96  1901.16 1242.83 1787.31 2619.16 1881.62 1899.06 1191.46 1282.07 954.43  914.43  96.07   2041.94 1267.66 830.9
13      1322.36 68.17   2015.53 16.83   1943.25 343.23  170.11  1489.83 1853.3  416.04  1661.65 2067.97 0.0     966.08  343.23  229.54  1632.63 1916.47 1166.46 417.38  510.13  568.68  1799.88 1537.16 444.96  706.17  1359.11 1915.78 1388.57 367.74  1290.89 1958.2  1077.77 260.58  109.26  889.98  761.22  2113.88 1620.38 1528.93 1513.76 1658.82 1089.82 423.75  496.36  498.49  158.62  1349.03 468.79  293.63  457.89  1755.9  784.99  382.57  1743.87 1994.58 440.79  1521.4  332.38  804.99  352.9   1038.61 704.98  324.92  1394.39 855.8   1352.12 1586.83 2007.83 281.29  1095.7  1322.36
14      416.13  968.98  1109.31 985.85  1037.03 848.39  893.69  811.74  1189.74 750.08  755.43  1168.2  1007.9  0.0     848.39  798.3   726.41  1010.25 541.27  898.02  990.79  1049.35 893.66  859.07  925.7   773.5   741.81  1252.22 771.27  877.39  665.7   1294.64 516.11  792.29  898.53  519.86  409.98  1256.62 714.16  865.37  835.67  752.6   528.11  904.42  681.88  737.97  844.94  685.47  708.3   774.3   697.4   1092.34 224.75  700.26  837.65  1088.36 725.87  843.31  837.48  303.81  687.43  1519.28 781.74  799.18  769.2   354.62  612.59  923.27  1101.61 1004.87 167.78  416.13
15      1215.59 372.23  1908.75 389.1   1836.48 0       493.96  1414.57 1778.04 72.72   1554.88 1967.65 411.15  799.41  0       407.25  1525.86 1809.7  1091.2  507.0   599.71  658.3   1693.06 1461.9  534.65  638.04  1283.85 1840.52 1313.31 106.84  1215.63 1882.94 1002.56 153.92  507.48  814.72  685.96  2056.07 1513.61 1453.67 1438.5  1552.05 1014.56 513.37  153.13  351.26  453.89  1273.77 321.47  383.25  310.61  1680.64 622.99  307.31  1637.1  1887.79 97.56   1446.14 66.99   729.72  296.38  1128.23 361.75  408.13  1319.13 780.54  1276.86 1511.57 1901.06 605.13  928.98  1215.59
16      1264.95 221.15  1958.12 169.81  1885.84 496.21  323.07  1642.81 2006.28 418.64  1604.24 2016.96 152.98  848.82  496.21  0.0     1575.13 1859.06 1319.44 304.74  397.49  455.96  1742.47 1690.14 332.39  859.15  1512.09 2068.76 1541.55 545.95  1443.87 2111.18 1230.77 413.48  100.23  1042.96 914.2   2105.43 1562.97 1681.91 1666.74 1601.41 1242.8  311.11  350.44  385.9   46.64   1502.01 356.15  180.99  345.25  1908.88 672.35  535.55  1686.46 1937.17 394.41  1674.38 485.36  957.97  240.26  925.97  450.3   212.28  1547.37 1008.78 1461.4  1739.81 1950.42 434.27  978.4   1264.95
17      394.93  1569.98 503.12  1586.85 430.84  1475.94 1494.69 400.32  802.96  1413.89 232.17  562.01  1608.9  687.17  1475.94 1462.01 0       403.98  838.43  1561.86 1654.61 1713.16 287.38  447.65  1589.51 1374.5  725.33  725.42  754.79  1541.2  852.83  1011.6  813.27  1393.29 1562.34 1120.86 1010.98 650.43  107.97  582.33  424.25  26.19   825.27  1568.23 1345.69 1401.86 1508.75 416.84  1372.11 1438.11 1361.21 809.3   888.56  1301.26 314.39  482.17  1389.68 431.89  1465.08 806.76  1351.24 2183.09 1445.55 1462.99 953.98  846     518.36  640.23  495.39  1605.87 831.57  394.93
18      685.11  1860.24 283.94  1877.11 106.86  1766.2  1784.95 690.58  520.49  1704.15 522.43  307.88  1899.16 977.43  1766.2  1752.37 400.18  0.0     1128.69 1852.12 1944.87 2003.42 162.24  737.91  1879.77 1664.76 1015.59 467.94  1045.05 1831.46 1143.03 834.42  1103.49 1683.47 1852.6  1411.12 1301.24 367.96  345.82  872.59  714.42  426.36  1115.53 1858.49 1635.95 1692.04 1798.95 707.01  1662.36 1728.37 1651.47 681.49  1178.82 1591.52 604.65  158.19  1679.94 722.15  1755.35 1097.02 1641.46 2473.35 1735.81 1753.25 1244.24 1136.26 808.62  930.49  245.14  1896.13 1121.85 685.11
19      603.65  1224.98 1231.11 1241.88 1158.83 1130.97 1149.72 676.31  768.6   1203.78 877.23  983.27  1263.93 622.9   1130.97 1397.84 848.21  1132.05 0.0     1497.55 1590.34 1648.89 1015.46 723.64  1525.24 688.13  255.23  831.08  250.66  1155.48 124.43  873.5   296.26  1048.32 1334.38 313.38  666.01  1029.18 835.96  715.41  700.24  874.4   308.26  1503.96 1284.1  1337.59 1383.67 535.49  1307.84 1373.84 1296.94 671.2   824.29  956.29  959.45  1210.09 1228.53 707.88  1120.12 461.75  1286.97 2118.82 1381.28 1398.72 227.93  500.98  539.97  502.11  1079.34 1260.84 767.32  603.65
20      1297.23 468.79  1990.38 417.44  1918.12 549.23  570.72  1692.83 2070.83 450.92  1636.52 2049.21 400.61  881.11  549.23  247.63  1607.5  1891.34 1422.36 0.0     180.8   243.03  1774.75 1740.16 70.19   1109.38 1622.9  2133.31 1652.36 578.23  1546.79 2175.73 1397.2  625.31  347.86  1276.5  1157.35 2137.71 1595.25 1746.46 1716.76 1633.69 1409.2  6.37    382.72  418.18  294.27  1566.56 388.43  145.65  377.53  1973.43 704.63  778.7   1718.74 1969.45 426.71  1724.4  538.38  1060.45 272.54  709.34  482.58  238.98  1650.29 1111.26 1493.68 1804.36 1982.7  681.9   1010.68 1297.23
21      1598.31 1030.94 2291.48 718.52  2219.2  850.31  955.57  1993.91 2371.91 752.0   1937.6  2350.32 701.69  1182.19 850.31  548.71  1908.58 2192.42 1723.44 398.18  0.0     525.25  2075.79 2041.24 425.83  1246.48 1923.98 2434.39 1953.44 879.31  1847.87 2476.76 1698.28 926.39  648.94  1534.31 1405.62 2438.79 1896.33 2047.52 2017.84 1934.7  1710.28 404.55  683.74  719.26  595.35  1867.64 689.51  446.83  678.61  2274.51 1005.71 1026.97 2019.82 2270.53 727.79  2025.48 839.46  1361.53 573.62  528.48  783.66  540.06  1951.37 1412.34 1794.76 2105.44 2283.78 1066.83 1311.76 1598.31
22      1565.69 737.25  2258.86 685.9   2186.58 817.69  839.18  1961.29 2339.29 719.41  1905.07 2317.75 669.07  1149.57 817.69  516.09  1875.96 2159.79 1690.82 369.09  442.99  0.0     2043.19 2008.62 396.74  1377.95 1891.36 2401.77 1920.82 846.69  1815.25 2444.19 1665.66 893.77  616.32  1544.96 1425.79 2406.17 1863.71 2014.92 1985.22 1902.15 1677.66 375.46  651.18  686.64  562.73  1834.98 656.89  414.21  645.99  2241.89 973.09  1047.16 1987.2  2237.91 695.17  1992.81 806.81  1328.91 541.0   971.47  751.11  507.44  1918.75 1379.72 1762.2  2072.82 2251.16 950.36  1279.14 1565.69
23      585.54  1760.65 267.81  1777.52 195.53  1666.61 1685.36 590.99  562.77  1604.56 422.84  321.82  1799.57 877.84  1666.61 1652.78 300.59  168.75  1029.1  1752.53 1845.22 1903.75 0.0     638.32  1780.18 1565.17 916.0   485.23  945.46  1731.87 1043.5  901.17  1003.94 1583.96 1753.01 1311.53 1201.65 410.24  246.23  772.98  614.92  326.78  1015.94 1758.9  1536.36 1592.48 1699.42 607.51  1562.78 1628.78 1551.88 748.24  1079.23 1491.93 505.06  246.86  1580.35 622.56  1655.76 997.43  1541.91 2373.76 1636.22 1653.66 1144.65 1036.67 709.03  830.9   255.22  1796.54 1022.26 585.54
24      543.71  1491.99 856.89  1508.86 784.61  1397.95 1416.7  78.6    720.87  1470.76 503.01  915.77  1530.91 835.97  1397.95 1610.88 473.95  757.83  759.19  1710.66 1803.41 1861.96 641.24  0.0     1738.26 1296.51 539.5   783.35  568.96  1422.46 667.0   825.76  734.03  1315.3  1601.36 1042.87 932.99  1004.2  461.74  396.5   95.82   500.18  746.03  1717.03 1551.08 1550.66 1650.65 230.94  1520.91 1586.91 1510.01 623.47  1037.36 1223.27 585.23  835.94  1495.51 110.17  1387.1  728.77  1500.04 2331.89 1594.35 1611.79 768.15  768.01  507.42  454.36  849.19  1527.88 980.39  543.71
25      1316.49 488.01  2009.66 436.7   1937.38 568.49  589.98  1712.09 2090.09 470.18  1655.78 2068.55 419.87  900.37  568.49  266.89  1626.71 1910.6  1441.62 19.26   200.12  262.29  1793.91 1759.42 0.0     1128.69 1642.16 2152.57 1671.62 597.49  1566.05 2194.99 1416.46 644.57  367.09  1295.76 1176.61 2156.97 1614.51 1765.72 1736.02 1652.86 1428.37 25.63   401.89  437.44  313.53  1585.82 407.69  165.01  396.79  1992.69 723.89  797.96  1738.0  1988.71 445.97  1743.66 557.64  1079.71 291.8   728.6   501.84  258.24  1669.55 1130.52 1512.94 1823.62 2001.96 701.16  1029.94 1316.49
26      812.66  820.47  1505.83 837.34  1433.55 726.43  745.18  980.13  1343.6  799.24  1151.95 1558.27 859.39  456.43  726.43  1122.15 1122.84 1406.77 335.52  1221.9  1314.65 1373.2  1290.18 1027.46 1249.55 0       849.41  1406.08 878.87  750.89  459.95  1448.5  302.58  643.78  929.84  116.84  265.92  1604.13 1110.68 1019.23 1004.06 1149.12 314.58  1228.27 879.56  1061.9  979.13  839.33  1032.15 1098.15 1021.25 1246.2  548.6   551.75  1234.17 1484.88 823.99  1011.7  715.58  295.29  1011.28 1837.23 1105.57 1123.03 563.45  346.1   842.34  1077.13 1498.13 856.36  586     812.66
27      468.16  1354    1095.62 1370.87 1023.34 1259.96 1278.71 540.82  675.2   1332.77 741.74  889.87  1392.92 713.34  1259.96 1488.28 712.72  996.56  368.39  1588.03 1680.83 1739.33 879.97  588.15  1615.68 1158.47 0.0     737.68  153.45  1284.47 251.49  780.1   596.04  1177.27 1463.37 904.88  795.0   935.78  700.47  579.87  564.75  738.95  608.04  1594.4  1413.19 1428.11 1512.66 400.03  1398.28 1464.37 1387.38 577.8   914.81  1085.28 823.97  1074.67 1357.53 572.39  1249.11 590.85  1377.41 2209.28 1471.72 1489.16 352.64  630.02  404.48  408.64  985.94  1389.89 857.76  468.16
28      1047.82 1968.7  758.87  1985.63 586.38  1874.72 1893.47 845.05  167.73  1947.53 945.84  277.6   2007.68 1328.1  1874.72 2103.04 823.59  559.6   1235.96 2202.79 2295.54 2354.0  580.74  892.39  2230.44 1773.28 760.64  0.0     730.38  1899.23 828.42  474.77  1210.8  1792.07 2078.13 1519.64 1409.76 348.98  769.23  731.26  868.99  849.78  1222.8  2209.16 2027.85 2042.79 2127.42 707.78  2013.04 2079.04 2002.14 321.84  1529.49 1700.04 1028.06 637.71  1972.28 876.63  1863.87 1205.54 1992.17 2824.02 2086.48 2103.92 929.57  1244.78 984.19  652.54  373.67  2004.62 1472.52 1047.82
29      593.42  1297.76 1220.88 1314.64 1148.6  1203.73 1222.48 666.08  755.95  1276.54 867.0   970.62  1336.69 695.66  1203.73 1470.6  837.98  1121.82 214.94  1570.35 1663.03 1721.65 1005.18 713.34  1598.0  760.93  245.0   818.43  0.0     1228.24 98.04   860.85  369.02  1121.03 1407.14 386.14  738.77  1016.53 825.73  705.1   690.01  864.17  381.02  1576.72 1356.86 1410.35 1456.43 525.28  1380.57 1446.6  1369.7  658.55  897.05  1029.02 949.22  1199.93 1301.29 697.65  1192.88 534.55  1359.73 2191.58 1454.04 1471.48 199.19  573.79  529.74  489.48  1066.69 1333.63 840.03  593.42
30      1249.59 374.72  1942.76 391.59  1870.48 95.15   496.45  1417.06 1780.53 167.93  1588.88 1995.2  413.64  894.62  95.15   502.4   1559.86 1843.7  1093.69 602.15  694.83  753.45  1727.11 1464.3  629.8   640.53  1286.34 1843.01 1315.8  0.0     1218.1  1885.43 1005.05 156.41  484.09  817.21  688.45  2041.11 1547.61 1456.16 1440.99 1586.05 1017.05 608.52  248.28  446.41  549.04  1276.26 416.66  478.4   405.76  1683.13 718.11  309.8   1671.1  1921.81 192.71  1448.63 84.3    732.22  391.53  1223.38 456.9   503.28  1321.62 783.03  1279.35 1514.06 1935.06 607.63  1024.19 1249.59
31      596.5   1216.47 1223.96 1233.34 1151.68 1122.43 1141.18 669.16  761.45  1195.24 870.08  976.12  1255.39 614.36  1122.43 1389.3  841.06  1124.9  133.64  1489.01 1581.8  1640.35 1008.23 716.4   1516.7  679.6   248.08  823.93  243.51  1146.94 0.0     866.31  287.72  1039.78 1325.84 304.84  657.47  1022.02 828.81  708.26  693.09  867.25  299.72  1495.42 1275.56 1329.05 1375.13 528.36  1299.3  1365.3  1288.4  664.05  815.75  947.69  952.3   1203.01 1219.99 700.73  1111.58 453.25  1278.43 2110.28 1372.74 1390.18 220.78  492.49  532.73  494.98  1072.19 1252.36 758.78  596.5
32      752.17  1673.05 1181.5  1689.98 1109.22 1579.07 1597.82 549.41  623.36  1651.88 827.62  838.03  1712.03 1032.45 1579.07 1807.39 798.6   1082.44 940.31  1907.14 1999.89 2058.44 965.82  596.74  1934.79 1477.63 464.99  685.84  434.67  1603.58 532.77  0.0     915.13  1496.33 1782.48 1223.99 1114.11 883.94  786.35  435.61  573.34  824.79  927.15  1913.51 1732.2  1747.14 1831.77 412.13  1717.39 1783.39 1706.49 525.96  1233.84 1404.39 909.84  1160.55 1676.63 580.98  1568.22 909.89  1696.52 2528.37 1790.83 1808.27 633.92  949.13  688.54  356.89  934.09  1709    1176.87 752.17
33      533.65  1099.23 1226.82 1116.17 1154.54 1005.26 1023.92 699.83  1063.3  1078.07 872.94  1277.97 1138.22 497.19  1005.26 1272.13 843.92  1127.76 337.08  1371.88 1464.63 1523.18 1011.11 747.16  1399.53 903.82  569.11  1125.78 598.57  1029.77 461.51  1168.1  0.0     922.58  1208.67 526.52  540.3   1323.88 831.67  738.93  723.76  870.11  12.01   1378.25 1158.39 1211.88 1257.96 558.98  1182.13 1248.13 1171.23 965.9   698.58  830.58  955.16  1205.87 1102.82 731.31  994.31  336.08  1161.26 1993.11 1255.57 1273.01 565.01  375.32  562.12  796.83  1219.12 1135.19 641.61  533.65
34      1169.34 294.47  1862.51 311.34  1790.23 82.65   416.2   1336.81 1700.28 155.41  1508.63 1914.95 333.39  882.12  82.65   489.9   1479.61 1763.45 1013.44 589.65  682.4   740.95  1646.79 1384.14 617.3   560.28  1206.09 1762.76 1235.55 107.16  1137.87 1805.18 924.8   0       403.84  736.96  608.2   1960.86 1467.36 1375.91 1360.74 1505.76 936.7   596.02  235.78  433.91  536.52  1196.01 404.16  465.9   393.19  1602.88 705.57  229.55  1590.85 1841.56 180.21  1368.38 71.8    651.97  379.03  1210.88 444.4   490.78  1241.37 702.78  1199.1  1433.81 1854.81 527.38  1011.69 1169.34
35      1268.26 173.57  1961.43 122.22  1889.15 448.62  275.49  1595.22 1958.69 421.95  1607.55 2020.32 105.39  852.14  448.62  120.21  1578.53 1862.37 1271.85 308.01  400.75  459.35  1745.78 1642.55 335.7   811.56  1464.5  2021.17 1493.96 473.13  1396.28 2063.54 1183.21 365.89  0.0     995.37  866.61  2108.74 1566.28 1634.32 1619.15 1604.72 1195.21 314.42  353.75  389.21  49.29   1454.42 359.46  184.3   348.56  1861.29 675.66  487.96  1689.77 1940.39 397.71  1626.79 437.77  910.38  243.57  929.25  453.61  215.59  1499.78 961.19  1457.48 1692.22 1953.73 386.67  981.71  1268.26
36      763.11  913.24  1456.28 930.19  1384.0  819.28  838.03  929.29  1022.85 892.09  1102.4  1237.52 952.24  549.28  819.28  1215.0  1073.38 1357.22 254.25  1314.75 1407.5  1466.05 1240.63 976.62  1342.4  431.58  509.48  1085.33 504.89  843.79  378.68  1127.75 219.4   736.63  1022.69 0       358.77  1283.43 1061.13 968.39  953.22  1099.57 231.4   1321.12 972.41  1154.75 1071.98 788.49  1125.0  1191.0  1114.1  925.45  641.45  644.57  1184.62 1435.33 916.84  960.86  808.43  388.04  1104.06 1708.19 1198.44 1215.88 482.18  436.36  791.58  756.38  1448.58 949.21  678.8   763.11
37      683.32  690.45  1376.49 707.32  1304.21 596.41  615.16  850.79  1214.26 669.22  1022.61 1428.93 729.37  327.01  596.41  992.81  993.59  1277.43 527.42  1092.56 1185.31 1243.86 1160.84 898.12  1120.21 509.28  720.07  1276.74 749.53  620.92  651.85  1319.16 443.44  513.76  799.82  255.64  0.0     1474.84 981.34  889.89  874.72  1019.78 455.48  1098.93 749.54  932.56  849.11  709.99  902.81  968.81  891.91  1116.86 419.26  421.73  1104.81 1355.54 693.97  882.36  585.54  165.95  881.94  1707.21 976.15  993.69  755.35  216.76  713.08  947.79  1368.79 726.34  456.66  683.32
38      1039.56 1960.35 830.53  1977.32 658.04  1866.41 1885.16 836.75  152.53  1939.22 1035.44 367.2   1999.37 1319.76 1866.41 2094.73 913.19  631.26  1227.65 2194.48 2287.23 2345.78 670.34  884.08  2222.13 1764.97 752.33  215.01  722.06  1890.92 820.11  466.46  1202.47 1783.76 2069.82 1511.33 1401.45 0.0     858.83  722.93  860.68  939.38  1214.49 2200.85 2019.54 2034.48 2119.11 699.47  2004.73 2070.73 1993.83 313.53  1521.18 1691.73 1117.65 709.37  1963.97 868.32  1855.56 1197.23 1983.86 2815.71 2078.17 2095.61 921.26  1236.47 975.88  644.23  463.27  1996.34 1464.21 1039.56
39      414.62  1589.73 460.14  1606.6  387.86  1495.69 1514.44 420.07  759.98  1433.64 251.92  519.03  1628.65 706.92  1495.69 1481.86 129.67  361.04  858.18  1581.61 1674.36 1732.91 244.49  467.31  1609.26 1394.25 745.08  682.44  774.54  1560.95 872.58  1098.38 833.02  1413.04 1582.09 1140.61 1030.73 607.45  0.0     602.08  443.95  155.86  845.02  1587.98 1365.44 1421.61 1528.5  436.59  1391.86 1457.86 1380.96 829.05  908.31  1320.95 334.14  439.19  1409.43 451.64  1484.84 826.51  1370.95 2202.82 1465.3  1482.74 973.73  865.75  538.11  659.98  452.36  1625.62 851.34  414.62
40      591.9   1512.76 1021.18 1529.66 948.9   1418.75 1437.5  389.09  580.8   1491.56 667.3   795.47  1551.71 872.13  1418.75 1647.07 638.28  922.12  779.99  1746.8  1839.57 1898.12 805.53  436.42  1774.47 1317.31 560.3   643.28  589.76  1443.26 687.8   685.7   754.83  1336.1  1622.16 1063.67 953.79  841.38  626.03  0.0     413.02  664.47  766.83  1753.19 1571.88 1586.82 1671.45 251.81  1557.07 1623.07 1546.17 483.4   1073.52 1244.07 749.52  1000.23 1516.31 420.66  1407.9  749.57  1536.2  2368.05 1630.51 1647.95 788.95  788.81  528.22  314.33  891.54  1548.68 1016.55 591.9
41      542.56  1490.82 855.72  1507.69 783.44  1396.78 1415.53 73.82   719.7   1469.59 501.84  914.61  1529.74 834.8   1396.78 1609.74 472.82  756.62  758.02  1709.49 1802.15 1860.79 640.07  104.16  1737.14 1295.34 538.33  782.18  567.79  1421.29 665.83  824.6   732.82  1314.13 1600.19 1041.7  931.82  1003.03 460.57  395.33  0.0     499.01  744.86  1715.86 1549.91 1549.49 1649.48 229.84  1519.74 1585.74 1508.84 622.3   1036.19 1222.1  584.05  834.77  1494.34 105.39  1385.93 727.6   1498.87 2330.72 1593.18 1610.62 766.98  766.84  506.25  453.23  848.02  1526.71 979.22  542.56
42      368.68  1543.79 476.93  1560.66 404.65  1449.75 1468.5  374.13  776.77  1387.7  205.98  535.82  1582.71 660.98  1449.75 1435.92 84.37   377.87  812.24  1535.67 1628.42 1686.97 261.28  421.46  1563.32 1348.31 699.1   699.23  728.6   1515.01 826.64  985.41  787.07  1367.1  1536.13 1094.67 984.79  624.24  81.78   556.14  398.06  0.0     799.08  1542.04 1319.42 1375.63 1482.56 390.65  1345.82 1411.92 1335.02 783.11  862.37  1275.07 288.2   455.88  1363.49 405.7   1438.9  780.57  1325.05 2156.9  1419.36 1436.8  927.79  819.79  492.17  614.04  469.23  1579.68 805.4   368.68
43      521.64  1087.29 1214.81 1104.16 1142.53 993.25  1012.0  687.82  1051.29 1066.06 860.93  1265.96 1126.21 485.11  993.25  1260.12 831.91  1115.75 325.07  1359.87 1452.62 1511.17 999.16  735.09  1387.52 891.81  557.1   1113.77 586.56  1017.76 449.5   1156.16 42.08   910.51  1196.66 514.51  528.29  1311.87 819.66  726.92  711.75  858.1   0.0     1366.24 1146.38 1199.87 1245.95 547.02  1170.12 1236.12 1159.22 953.89  686.57  818.57  943.15  1193.86 1090.81 719.39  982.4   324.07  1149.25 1981.1  1243.56 1261    553     363.31  550.06  784.82  1207.11 1123.18 629.6   521.64
44      1290.86 462.33  1984.03 411.07  1911.75 542.86  564.35  1686.36 2064.46 444.55  1630.15 2042.92 394.24  874.74  542.86  241.26  1601.13 1884.97 1415.99 36.17   174.49  236.66  1768.3  1733.79 63.82   1103.06 1616.53 2126.94 1645.99 571.86  1540.42 2169.36 1390.83 618.94  341.49  1270.13 1150.98 2131.34 1588.88 1740.09 1710.39 1627.32 1402.74 0.0     376.35  411.81  287.9   1560.19 382.06  139.38  371.16  1967.06 698.2   772.33  1712.37 1963.08 420.34  1718.03 532.01  1054.08 266.17  702.89  476.13  232.61  1643.92 1104.89 1487.31 1797.99 1976.33 675.5   1004.31 1290.86
45      1062.43 475.28  1755.63 423.93  1683.35 301.25  717.37  1458.06 1836.06 202.94  1401.75 1814.45 407.1   646.34  301.25  254.12  1372.73 1656.57 1187.59 353.87  446.62  505.17  1539.98 1505.39 381.52  861.45  1388.13 1898.54 1417.59 330.25  1312.02 1940.96 1162.43 377.33  354.35  1038.13 909.33  1902.94 1360.48 1511.69 1481.99 1398.92 1174.43 360.24  0.0     198.13  300.76  1331.79 168.38  230.11  157.43  1738.66 469.86  530.72  1483.97 1734.68 178.73  1489.63 290.4   825.68  143.16  975.1   208.53  255     1415.52 876.4   1258.91 1569.59 1747.93 828.55  775.91  1062.43
46      1090.27 503     1783.44 451.65  1711.16 346.46  762.58  1485.87 1863.87 248.15  1429.56 1842.33 434.77  674.15  346.46  281.84  1400.52 1684.38 1215.4  381.59  474.34  532.89  1567.79 1533.2  409.18  906.66  1415.94 1926.35 1445.38 375.46  1339.83 1968.77 1190.24 422.54  382.02  1069.54 954.58  1930.75 1388.29 1539.5  1509.8  1426.73 1202.24 387.96  179.95  0.0     328.48  1359.6  41.09   257.75  30.16   1766.47 497.67  575.93  1511.78 1762.49 223.94  1517.44 335.61  853.49  170.97  1002.82 279.81  171.52  1443.33 904.3   1286.72 1597.4  1775.74 873.7   803.72  1090.27
47      1268.55 174.52  1961.72 123.17  1889.44 449.57  276.45  1596.17 1959.64 422.24  1607.84 2174.31 106.34  852.43  449.57  120.5   1578.82 1862.66 1272.8  308.34  401.08  459.64  1746.07 1643.5  335.99  812.51  1465.43 2022.12 1494.9  474.08  1397.23 2064.54 1184.16 366.92  53.59   996.32  867.56  2220.22 1566.57 1635.27 1620.1  1605.01 1196.11 314.71  354.04  389.5   0.0     1455.37 359.75  184.57  348.85  1862.24 675.91  488.91  1690.06 1940.77 398.03  1627.74 438.72  911.33  243.86  929.57  453.82  215.88  1500.73 962.14  1458.46 1693.09 1954.02 387.63  982     1268.55
48      340.11  1261    967.57  1277.87 895.29  1166.96 1185.71 395.88  759.4   1239.77 613.69  974.07  1299.92 620.34  1166.96 1395.28 584.67  868.51  528.2   1495.03 1587.78 1646.33 751.84  443.26  1522.68 1065.47 308.51  821.88  337.97  1191.47 436.0   864.3   503.04  1084.31 1370.37 811.88  702.0   1019.98 572.42  435.03  419.86  610.86  515.04  1501.4  1320.09 1335.03 1419.66 0.0     1305.28 1371.28 1294.38 662.0   821.73  992.28  695.91  946.62  1264.52 427.5   1156.11 497.78  1284.41 2116.26 1378.72 1396.16 537.16  537.02  276.43  492.93  959.87  1296.89 764.76  340.11
49      1120.02 532.74  1813.19 481.4   1740.91 376.21  792.33  1515.62 1893.62 277.9   1459.31 1872.08 464.57  703.9   376.21  311.59  1430.29 1714.13 1245.15 411.34  504.09  562.64  1597.44 1562.95 438.99  936.41  1445.69 1956.1  1475.15 405.21  1369.58 1998.45 1219.94 452.29  411.82  1099.29 984.33  1960.5  1417.94 1569.18 1539.55 1456.48 1231.99 417.71  209.7   29.75   358.13  1389.35 0.0     287.59  59.94   1796.22 527.42  605.68  1541.53 1792.15 253.69  1547.19 365.36  883.24  200.72  1032.57 309.56  201.27  1473.08 934.05  1316.47 1627.15 1805.49 903.51  833.47  1120.02
50      1151.57 323.08  1844.74 271.78  1772.46 403.5   425.06  1547.17 1925.17 305.26  1490.86 1903.63 254.95  735.45  403.5   101.97  1461.81 1745.68 1276.7  186.76  279.51  338.06  1629.09 1594.5  214.41  963.77  1477.21 1987.65 1506.7  432.57  1401.13 2030.07 1251.54 479.65  202.2   1130.84 1011.69 1992.05 1449.59 1600.8  1571.1  1488.03 1263.54 193.13  237.05  272.52  148.61  1420.9  242.77  0.0     231.87  1827.77 558.97  633.04  1573.08 1823.79 281.05  1578.74 392.72  914.79  126.88  807.99  336.92  93.24   1504.58 965.6   1348.02 1658.7  1837.04 536.24  865.02  1151.57
51      1130.92 543.63  1824.09 492.3   1751.81 387.11  803.23  1526.52 1904.52 288.8   1470.21 1882.96 475.47  714.8   387.11  322.49  1441.19 1725.03 1256.05 422.24  514.99  573.54  1608.44 1573.85 449.89  947.27  1456.59 1967.0  1486.05 416.11  1380.48 2009.42 1230.89 463.19  422.65  1110.19 995.23  1971.4  1428.94 1580.15 1550.45 1467.38 1242.89 428.61  220.6   40.65   369.13  1400.15 10.9    298.49  0.0     1807.12 538.32  616.58  1552.43 1803.14 264.59  1558.09 376.26  894.14  211.62  1043.47 320.46  212.17  1483.98 944.95  1327.37 1638.05 1816.39 914.41  844.37  1130.92
52      888.13  1809.02 884.79  1825.89 712.3   1714.98 1733.64 685.32  207.53  1787.79 963.53  422.2   1847.94 1168.36 1714.98 1943.3  968.19  685.52  1076.22 2043.05 2135.8  2194.35 725.34  732.65  2070.7  1613.54 600.9   270.01  570.64  1739.49 668.68  315.03  1050.99 1632.33 1918.39 1359.9  1249.98 468.02  913.83  571.52  709.21  994.38  1063.06 2049.42 1868.11 1883.05 1967.68 548.04  1853.3  1919.3  1842.4  0.0     1369.75 1540.3  1045.75 763.63  1812.54 716.89  1704.13 1045.8  1832.43 2664.28 1926.66 1944.18 769.83  1085.04 824.44  492.8   518.2   1844.91 1312.78 888.13
53      592.64  1021.03 1285.81 1037.9  1213.53 690.5   945.74  988.24  1366.24 592.19  931.93  1344.7  793.39  176.52  690.5   640.41  902.91  1186.75 717.68  740.16  832.91  891.46  1070.16 1035.57 767.81  825.55  918.31  1428.72 947.77  719.5   842.2   1471.14 692.61  766.58  740.64  571.91  462.03  1433.12 890.66  1041.87 1012.17 929.1   704.61  746.53  523.9   580.14  687.05  861.97  550.41  616.41  539.51  1268.84 0.0     752.31  1014.14 1264.79 567.98  1019.81 679.65  355.86  529.54  1361.39 623.85  641.29  945.7   406.67  789.09  1099.77 1278.07 1056.92 306.09  592.64
54      939.79  417.7   1632.96 434.65  1560.68 323.74  342.49  1107.26 1470.73 396.55  1279.08 1685.4  456.7   583.56  323.74  730.99  1249.98 1533.9  783.89  830.74  923.45  982.04  1417.31 1154.59 858.39  478.99  976.54  1533.21 1006.0  348.25  908.32  1575.63 695.25  241.09  527.15  507.41  378.65  1731.31 1237.81 1146.36 1131.19 1276.25 707.2   837.11  476.87  675.0   576.44  966.46  645.25  706.9   634.35  1373.33 675.73  0.0     1361.3  1612.01 421.3   1138.83 312.89  422.42  620.12  1434.54 685.49  731.87  1011.82 473.23  969.55  1204.26 1625.26 453.67  713.13  939.79
55      443.52  1618.63 624.3   1635.5  552.08  1524.59 1543.34 448.97  924.2   1462.54 66.84   683.25  1657.55 735.8   1524.59 1510.76 241.46  525.28  887.08  1610.51 1703.26 1761.81 408.71  496.3   1638.16 1423.15 773.94  846.65  803.44  1589.85 901.48  1060.25 861.92  1441.94 1610.99 1169.51 1059.63 771.67  229.21  630.97  472.9   267.65  873.92  1616.88 1394.34 1450.51 1557.4  465.49  1420.76 1486.75 1409.86 857.95  937.21  1349.91 0.0     603.41  1438.33 480.54  1513.74 855.41  1399.89 2231.71 1494.2  1511.64 1002.63 894.65  567.01  688.88  616.66  1654.52 880.24  443.52
56      748.28  1923.33 347.03  1940.2  32.27   1829.29 1848.04 753.67  583.58  1767.24 585.52  370.97  1962.25 1040.52 1829.29 1815.46 463.27  63.09   1191.78 1915.21 2007.96 2066.51 225.33  801.0   1942.86 1727.85 1078.68 531.03  1108.14 1894.55 1206.18 897.51  1166.62 1746.64 1915.68 1474.21 1364.33 431.05  408.91  935.61  777.6   489.46  1178.62 1921.58 1699.04 1755.21 1862.1  770.1   1725.46 1791.46 1714.56 744.58  1241.91 1654.61 667.72  0.0     1743.03 785.24  1818.44 1160.11 1704.59 2536.44 1798.9  1816.34 1307.33 1199.35 871.71  993.58  308.23  1959.22 1184.94 748.28
57      1118.03 447.07  1811.2  463.94  1738.92 152.68  568.8   1513.63 1852.88 54.37   1457.32 1870.09 462.67  701.91  152.68  309.69  1428.3  1712.14 1166.04 409.44  502.19  560.74  1595.55 1560.96 437.09  712.88  1358.69 1915.36 1388.11 181.68  1290.47 1957.78 1077.4  228.76  409.92  889.56  760.8   1958.51 1416.05 1528.51 1537.56 1454.49 1089.4  415.81  55.57   253.7   356.33  1348.54 223.95  285.69  213.05  1755.48 525.41  382.15  1539.54 1790.25 0.0     1545.2  141.83  804.57  198.78  1030.67 264.17  310.57  1393.97 855.38  1314.48 1586.41 1803.5  679.92  831.48  1118.03
58      650.49  1598.75 963.65  1615.66 891.37  1504.71 1523.46 173.18  827.63  1577.52 609.77  1022.54 1637.67 942.73  1504.71 1717.67 580.75  864.59  865.95  1817.41 1910.17 1968.72 748.0   222.4   1845.07 1403.21 646.26  890.11  675.72  1529.22 773.71  932.55  840.72  1422.06 1708.12 1149.63 1039.75 1110.96 568.5   503.26  195.29  606.94  852.79  1823.8  1657.84 1657.42 1757.41 337.71  1627.67 1693.67 1616.77 730.23  1144.12 1330.03 692.08  942.7   1602.27 0       1493.86 835.53  1606.8  2438.65 1701.11 1718.55 874.91  874.77  614.18  561.16  955.95  1634.64 1087.06 650.49
59      1226.41 383.11  1919.64 399.98  1847.36 10.88   504.84  1425.45 1788.92 83.69   1565.76 1978.46 422.03  810.27  10.88   418.13  1536.74 1820.58 1102.08 517.88  610.53  669.18  1703.99 1472.78 545.53  648.92  1294.73 1851.4  1324.19 117.72  1226.51 1893.82 1013.44 164.8   518.36  825.57  696.84  2066.95 1524.49 1464.55 1449.31 1562.93 1025.44 524.25  164.01  362.14  464.77  1284.65 332.39  394.13  321.49  1691.52 633.87  318.19  1647.98 1898.61 108.44  1457.02 0.0     740.61  307.26  1139.11 372.63  419.01  1330.01 791.42  1287.74 1522.45 1911.94 616.02  939.92  1226.41
60      608.63  763.22  1301.8  780.09  1229.52 669.18  687.93  776.1   1139.57 741.99  947.92  1354.24 802.14  269.73  669.18  935.54  918.9   1202.74 452.73  1035.29 1128.04 1186.59 1086.15 823.43  1062.89 567.74  645.38  1202.05 674.84  693.69  577.16  1244.47 501.94  586.53  872.59  314.1   204.22  1400.15 906.65  815.2   800.03  945.09  513.94  1041.66 822.25  875.29  921.88  635.3   845.54  911.54  834.64  1042.17 361.99  494.5   1030.14 1280.85 766.74  807.67  658.32  0       824.67  1656.52 918.98  936.33  680.66  142.07  638.39  873.07  1294.1  799.11  399.34  608.63
61      1024.69 420.39  1717.86 369.05  1645.58 276.69  692.81  1420.26 1798.29 178.38  1363.98 1776.75 352.22  608.57  276.69  199.2   1334.96 1618.8  1149.82 298.99  391.74  450.29  1502.21 1467.62 326.59  836.89  1350.36 1860.77 1379.82 305.69  1274.25 1903.19 1124.65 352.77  299.46  1003.96 884.81  1865.17 1322.71 1473.92 1444.22 1361.15 1136.66 305.36  110.09  145.64  245.88  1293.97 115.89  175.24  104.9   1700.89 432.09  506.16  1446.2  1696.91 154.17  1451.86 265.84  787.91  0.0     920.22  210.04  200.12  1377.75 838.72  1221.14 1531.77 1710.16 803.99  738.14  1024.69
62      2171.34 1601.94 2864.56 1291.6  2792.28 1423.39 1526.74 2566.99 2944.99 1325.08 2510.68 2923.45 1274.77 1755.25 1423.39 1121.79 2481.66 2765.5  2296.52 971.26  1134.44 1098.33 2648.91 2614.32 998.91  1817.57 2497.06 3007.47 2526.52 1452.39 2420.95 3049.89 2271.36 1499.47 1222.02 2105.47 1976.71 3011.87 2469.41 2620.62 2590.92 2507.85 2283.36 977.63  1256.88 1292.34 1168.43 2440.72 1262.59 1019.91 1251.69 2847.59 1578.79 1598.06 2592.81 2843.61 1300.87 2598.56 1412.54 1934.61 1146.7  0       1356.74 1113.06 2524.45 1985.42 2367.84 2678.52 2856.86 1637.92 1884.84 2171.34
63      1207.93 469.13  1901.1  486     1828.82 189.56  590.86  1511.47 1874.94 262.37  1547.22 1959.99 508.05  791.81  189.56  399.59  1518.2  1802.04 1188.1  499.31  592.09  650.64  1685.45 1558.8  526.99  734.94  1380.75 1937.42 1410.21 154.92  1312.53 1979.84 1099.46 250.82  499.82  911.62  782.86  2048.41 1505.95 1550.57 1535.4  1544.39 1111.46 505.71  243.81  343.67  446.27  1370.71 313.93  375.59  302.95  1777.54 615.33  404.21  1629.44 1880.15 287.12  1543.05 178.71  826.59  288.72  1120.54 0       400.47  1416.03 877.44  1404.38 1608.47 1893.43 702.04  921.43  1207.93
64      1217.4  395.45  1910.6  344.1   1838.32 469.43  497.38  1613.03 1991.03 371.12  1556.72 1969.49 327.27  801.31  469.43  174.29  1527.7  1811.54 1342.56 268.31  361.06  419.61  1694.95 1660.36 295.96  1029.63 1543.1  2053.51 1572.56 498.43  1466.99 2095.93 1317.4  545.51  274.52  1196.7  1077.55 2057.91 1515.45 1666.66 1636.96 1553.89 1329.4  274.68  302.92  228.16  220.93  1486.76 198.41  144.56  187.51  1893.63 624.83  698.9   1638.94 1889.65 346.91  1644.6  458.58  980.65  192.74  889.54  402.78  0       1570.49 1031.46 1413.88 1724.49 1902.9  608.56  930.88  1217.4
65      708.69  1328.64 1336.15 1345.51 1263.87 1234.6  1253.35 781.35  873.64  1307.41 982.27  1088.31 1367.56 726.53  1234.6  1501.47 953.16  1237.09 245.81  1601.22 1693.97 1752.52 1120.5  828.68  1628.87 791.8   360.27  936.12  355.7   1259.11 128.9   978.5   399.89  1151.92 1438.01 417.01  769.64  1134.22 940.96  820.45  805.28  979.44  411.89  1607.59 1387.73 1441.22 1487.3  640.55  1411.47 1477.47 1400.57 776.24  927.92  1059.92 1064.49 1315.2  1332.16 812.92  1223.75 565.42  1390.54 2222.45 1484.91 1502.35 0       604.66  645.01  607.17  1184.29 1364.53 870.95  708.69
66      561.45  810.53  1254.62 827.38  1182.34 716.47  735.31  728.92  1092.39 789.28  900.84  1307.06 849.51  317.11  716.47  982.92  871.72  1155.56 405.55  1082.58 1175.33 1233.88 1038.97 776.35  1110.23 615.12  598.2   1154.9  627.68  740.98  530.02  1197.31 380.39  633.82  919.98  361.39  251.51  1352.97 859.47  768.02  752.85  897.91  392.39  1088.95 869.6   922.58  969.17  588.12  892.91  958.83  881.93  994.99  409.28  541.85  982.96  1233.67 814.03  760.49  705.62  47.26   872.05  1703.81 966.27  983.71  633.5   0       591.21  825.92  1246.97 846.4   446.68  561.45
67      346.09  1311.51 973.59  1328.38 901.31  1217.47 1236.22 457.71  821.18  1290.28 619.71  1035.85 1350.43 638.37  1217.47 1413.31 590.69  874.53  578.71  1513.06 1605.81 1664.32 757.85  505.04  1540.71 1116.03 361.18  883.66  390.64  1241.98 488.68  926.08  553.55  1134.77 1420.88 862.35  752.51  1081.76 578.44  496.81  481.64  616.88  565.55  1519.43 1296.89 1353.06 1459.95 316.91  1323.31 1389.31 1312.41 723.78  839.76  1042.79 701.93  952.54  1315.03 489.28  1206.62 548.29  1302.44 2134.29 1396.75 1414.19 589.83  587.53  0       554.71  965.89  1347.4  782.79  346.09
68      1078.05 1998.88 1077.31 2015.81 904.82  1904.9  1923.56 875.24  400.05  1977.71 1153.45 614.72  2037.86 1358.28 1904.9  2133.22 1160.67 878.01  1266.14 2232.97 2325.72 2384.27 917.86  922.57  2260.62 1803.46 790.82  462.53  760.56  1929.41 858.6   504.95  1240.98 1822.25 2108.31 1549.82 1439.94 660.63  1106.35 761.41  899.17  1186.9  1252.98 2239.34 2058.03 2072.97 2157.6  737.96  2043.22 2109.22 2032.32 302.65  1559.67 1730.22 1235.67 956.15  2002.46 906.81  1894.05 1235.69 2022.35 2854.2  2116.58 2134.1  959.75  1274.96 1014.37 0       710.79  2034.83 1502.7  1078.05
69      780.51  1955.65 441.9   1972.52 264.2   1861.61 1880.36 785.99  363.71  1799.56 617.84  122.69  1994.57 1072.84 1861.61 1847.78 495.59  237.42  1224.1  1947.53 2040.28 2098.83 252.74  833.32  1975.18 1760.16 1111.0  286.17  957.72  1926.87 1055.76 702.11  1198.94 1778.96 1948.01 1506.53 1396.65 211.18  441.23  968.0   809.92  521.78  1210.94 1953.9  1731.36 1787.53 1894.42 802.43  1757.78 1823.78 1746.88 549.18  1274.23 1686.93 700.06  315.53  1775.27 817.53  1850.76 1192.43 1736.91 2568.75 1831.22 1848.66 1156.91 1231.67 904.03  879.88  0       1991.54 1217.26 780.51
70      1222.87 135.62  1916.04 152.49  1843.76 440.8   34.19   1390.34 1753.81 513.59  1562.16 1968.48 174.54  866.64  440.8   365.2   1533.14 1816.98 1066.97 553.04  645.79  704.3   1700.39 1437.67 580.69  606.68  1259.65 1816.29 1289.08 465.29  1191.4  1858.72 978.33  358.13  244.99  790.55  661.73  2014.39 1520.89 1429.44 1414.27 1559.33 990.33  559.41  593.91  792.04  294.28  1249.6  762.29  429.25  751.39  1656.41 958.81  283.08  1644.38 1895.09 538.43  1421.91 429.93  705.5   488.56  1314.11 802.53  460.58  1294.9  756.31  1252.63 1487.38 1908.34 0       996.21  1222.87
71      491.64  1016.62 1184.71 1033.49 1112.62 896.03  941.33  887.24  1265.24 797.79  830.93  1243.76 1055.61 75.49   896.03  846.0   801.98  1085.73 616.81  945.69  1038.44 1096.99 969.16  934.66  973.34  821.14  817.31  1327.72 846.77  925.02  741.28  1370.14 591.61  839.93  946.17  567.5   457.62  1332.12 789.74  940.87  911.17  828.16  603.61  952.1   729.55  785.73  892.58  760.97  755.95  821.94  745.04  1167.84 272.39  747.9   913.15  1163.86 773.56  918.86  885.19  351.5   735.12  1566.92 829.38  846.82  844.7   402.19  688.09  998.77  1177.11 1052.55 0       491.64
72      0.0     1175.05 886.79  1191.92 814.53  1081.01 1099.76 589.24  979.31  1018.96 532.93  945.7   1213.97 292.2   1081.01 1067.18 503.91  787.75  443.5   1166.93 1259.68 1318.23 671.16  636.57  1194.58 979.57  519.31  1041.79 548.77  1146.27 567.93  1084.21 418.34  998.36  1167.41 725.91  616.05  1034.12 491.62  654.94  613.17  530.1   430.34  1173.3  950.71  1006.93 1113.82 475.04  977.18  1043.18 966.28  881.91  493.63  906.33  615.09  865.86  994.7   620.81  1070.16 411.83  956.31  1788.16 1050.62 1068.06 671.43  451.07  390.09  712.84  879.11  1210.94 436.66  0.0